1     J0048+3412       12.141603     34.202231   1.217094  2.35e-15       39.92   33544 820:1145,2900:4096
1     J0156+3949       29.230192     39.824592   1.811561  1.52e-16       59.83   27436 614:1024
1 J0301+35 45.32339999999999 35.3369 0.56832 * 57.4 32185 2949:3358,3604:4014
1     J0335+4555       53.819363     45.931521   0.269201  7.35e-18       47.15   21451 737:942
1 J0343+06 55.98976291666666 6.59041825 1.00764 * 46.3 67154 2457:3276
1     J0408+552        62.000000     55.000000   0.754000         *       64.00   13534 check_time_series
1     J0410-31         62.662500    -31.124722   1.878500         *        9.20   115009 818:823,2498:2621,3891:4055
1     J0417+35         64.429167     35.750000   0.654400         *       48.53   31334 491:737
1     J0421-0345       65.389817     -3.751836   2.161308  1.16e-15       44.61   81129 2457:3276
1     J0458-0505       74.654671     -5.084750   1.883480  5.30e-16       47.81   82794 2457:2868
1     J0502+4654       75.519004     46.901692   0.638565  5.58e-15       41.83   20545 737:942
1     J0555+3948       88.750000     39.800000   1.146906         *       37.00   27179 491:1024
1     J0610+37         92.750000     37.300000   0.443861         *       39.00   29564 614:901,3153:2891
1     J0612+3721       93.202861     37.360377   0.297982  5.95e-17       27.15   29564 696:819,3276:3686
1     J0613+3731       93.300625     37.527306   0.619198  3.24e-15       18.99   29564 696:860,3276:3686
1     J0630-0046       97.612317     -0.768292   0.680575  3.75e-15       97.30   76953 819:1638,2867:3277
1     J0652-0142      103.046275     -1.708417   0.924054  1.52e-16      116.30   78207 3276:3686
1     J0726-2612      111.533833    -26.210583   3.442308  2.93e-13       69.40   109660 2826:3317
1     J0733-2345      113.352500    -23.765611   1.796250  5.70e-15      194.00   106788 40:123,2662:2867
1     J0737+69        114.250000     69.233333   6.824240         *       16.00   04936 check_time_series
1     J0804-3647      121.092500    -36.793194   2.191987  4.21e-15      196.00   121284 2457:3277
1     J0818-3232      124.608063    -32.541814   2.161259  7.53e-16      131.80   116671 2457:2621
1     J0912-3851      138.177917    -38.850833   1.526085  3.59e-15       71.50   123915 2867:3277
1     J0928+06        142.183333      6.233333   2.060400         *       50.00   67999 2457:3277
1     J0943+41        145.750000     41.150000   2.229489         *       21.00   25990 614:819
1     J1518-0627      229.746293     -6.452139   0.794997  4.18e-16       27.96   84437 2457:2867
1     J1547-0944      236.941908     -9.735500   1.576925  2.94e-15       37.42   88974 2457:3277
1     J1622-3751      245.519083    -37.853861   0.731463  2.57e-15      153.80   122634 2457:3277
1     J1623-0908      245.823652     -9.147003   1.276446  2.58e-15       68.18   87822 2457:3277,3481:3686
1     J1627+86        246.750000     86.900000   0.395785         *       46.00   00110 655:778
1     J1629+43        247.250000     43.983333   0.181173         *        7.30   23222 614:901
1     J1632-1013      248.225833    -10.221667   0.717637  6.60e-17       89.90   89741 2457:3277
1     J1638-3815      249.655621    -38.250944   0.698261  7.70e-17      238.00   123045 check_time_series
1     J1700-3312      255.220755    -33.212917   1.358307  4.71e-15      166.97   117534 2457:2662
1     J1700-3611      255.205500    -36.198056   1.494091  4.32e-15      232.70   120728 2457:2662
1     J1700-3611      255.205500    -36.198056   1.494091  4.32e-15      232.70   120728 2457:2662 
1     J1721+35        260.487500     35.400000   0.821900         *       22.00   31830 532:942
1     J1735-0243      263.950417     -2.730000   0.782887  6.32e-16       55.40   79363 2457:2662
1     J1739-2903      264.892825    -29.050967   0.322882  7.88e-15      138.55   113044 819:942
1     J1741-0840      265.343982     -8.675506   2.043082  2.27e-15       74.90   87204 2457:3277
1     J1745-0129      266.258583     -1.488361   1.045407  6.31e-16       90.10   78088 2129:2294,2457:3072
1     J1759-1029      269.892917    -10.499167   2.512263  1.57e-14      110.00   89822 2457:3277
1     J1801-0357      270.344418     -3.965285   0.921491  3.31e-15      120.37   81460 1433:1597
1     J1802+0128      270.614375      1.473250   0.554262  2.11e-15       97.97   74318 3276:3973
1     J1805-0619      271.380983     -6.329278   0.454651  9.69e-16      146.22 84510 2457:3277
1     J1808-0813      272.039302     -8.217166   0.876044  1.24e-15      151.27   86717 2457:3277
1     J1812+0226      273.221616      2.449201   0.793903  3.60e-15      104.14   72666 3358:4015
1     J1814-0521      273.608875     -5.360278   1.014219  8.84e-16      130.00   83612 2457:3277
1     J1821+41        275.500000     41.750000   1.261787         *       40.00   25400 614:820,3194:3687
1     J1825-31        276.491667    -31.038889   2.382000         *      120.00   115408 2457:3277
1     J1838-1046      279.610333    -10.782500   1.218354  3.08e-15      208.00   89890 2457:3277
1     J1839-0627      279.835250     -6.459444   0.484914  1.32e-16       88.50   84722 2457:3277
1     J1840-0840      280.216250     -8.674722   5.309377  2.37e-14      272.00   87916 2457:3277
1     J1842+0257      280.628875      2.966333   3.088256  2.96e-14      148.10   72412 2457:3277
1     J1842-0359      280.610324     -3.999954   1.839944  5.09e-16      195.98   81761 2457:3277
1     J1845-0743      281.488250     -7.727333   0.104695  3.67e-16      280.93   86408 2457:3277
1     J1846-07492     281.533329     -7.820333   0.861380  5.19e-15      192.00   85798 2457:3277
1     J1849-0614      282.438154     -6.242083   0.953384  5.39e-14      119.60   84057 737:1024,2457:3277
1     J1849-0636      282.276815     -6.618585   1.451319  4.62e-14      148.17   85044 2457:3277
1     J1855-0941      283.815333     -9.683889   0.345401  2.40e-16      151.99   88704 2457:3277
1     J1857-1027      284.360208    -10.450278   3.687219  1.05e-14      108.90   89924 2457:3277
1     J1900+30        285.075000     30.883333   0.602227         *       71.84   37024 532:902
1     J1900-09        285.058333     -9.468611   1.424000         *      150.00   88183 2457:3277
1     J1901-0906      285.470896     -9.103002   1.781928  1.64e-15       72.68   88183 2457:3277
1     J1903-0848      285.796963     -8.815944   0.887325  1.33e-15       66.99   87196 2457:3277,3481:3687
1     J1918-1052      289.701029    -10.879550   0.798693  8.65e-16       62.73   90191 2457:3277
1     J1929+3817      292.279225     38.299306   0.814215  6.10e-16       93.40   29018 491:738
1     J1931+30        292.866667     30.583333   0.582126         *       56.00   37613 614:902,3072:4096
1     J1937+2950      294.448346     29.833833   1.657429  3.48e-15      113.99   38079 614:902,3194:3687
1 J1941+0237 295.141134668 2.61470131824 1.23234 * 82.7 72137 3276:4096
1     J1943-1237      295.856172    -12.628449   0.972429  1.66e-15       28.92   92288 2457:3277
1     J1946-1312      296.740954    -13.210111   0.491865  1.99e-15       60.00   93508 2457:3277
1     J2004+3137      301.217860     31.619448   2.111265  7.46e-14      234.82   36228 3072:3482
1     J2005-0020      301.432290     -0.339429   2.279661  2.57e-14       35.93   76441 2457:3277
1 J2013-20 303.4286091666666 -20.144291083333332 0.544 * 39.0 101993 2375:3277
1     J2033+0042      308.379625      0.706111   5.013398  1.01e-14       37.84   74967 2457:3277
1     J2033-1938      308.480833    -19.649722   1.281719  4.55e-16       23.47   101650 2457:3277
1     J2044+4614      311.245000     46.248333   1.392715  6.30e-16      315.40   21169 573:820
1     J2046-0421      311.500654     -4.357222   1.546938  1.47e-15       35.80   81300 2457:2868
1     J2205+1444      331.321863     14.742028   0.938014  9.00e-16       36.72   56816 2457:3277
1     J2207+40        331.750000     40.950000   0.636985         *       12.00   26185 532:820
1     J2227+30        336.875000     30.600000   0.842408         *       19.00   37165 532:943
1     J2229+64        337.250000     64.966667   1.893120         *      194.00   07144 901:1106
1     J2253+1516      343.310554     15.277175   0.792236  6.65e-17       29.20   56596 2457:3277,3481:3687
1     J2305+3100      346.493017     31.000489   1.575886  2.89e-15       49.58   36856 614:1024
1     J2305+4707      346.482675     47.129256   1.066371  5.69e-16       62.07   20365 696:1024
