1     J0335+4555       53.819363     45.931521   0.269201  7.35e-18       47.15   21451 737:942
1     J0410-31         62.662500    -31.124722   1.878500         *        9.20   115009 818:823,2498:2621,3891:4055
1     J0417+35         64.429167     35.750000   0.654400         *       48.53   31334 491:737
1     J0502+4654       75.519004     46.901692   0.638565  5.58e-15       41.83   20545 737:942
1     J0610+37         92.750000     37.300000   0.443861         *       39.00   29564 614:901,3153:2891
1     J0652-0142      103.046275     -1.708417   0.924054  1.52e-16      116.30   78207 3276:3686
1     J0737+69        114.250000     69.233333   6.824240         *       16.00   04936 check_time_series
1     J0818-3232      124.608063    -32.541814   2.161259  7.53e-16      131.80   116671 2457:2621
1     J1638-3815      249.655621    -38.250944   0.698261  7.70e-17      238.00   123045 check_time_series
1     J1721+35        260.487500     35.400000   0.821900         *       22.00   31830 532:942
1     J1812+0226      273.221616      2.449201   0.793903  3.60e-15      104.14   72666 3358:4015
1     J1814-0521      273.608875     -5.360278   1.014219  8.84e-16      130.00   83612 2457:3277
1     J1845-0743      281.488250     -7.727333   0.104695  3.67e-16      280.93   86408 2457:3277
1     J1849-0614      282.438154     -6.242083   0.953384  5.39e-14      119.60   84057 737:1024,2457:3277
1     J1855-0941      283.815333     -9.683889   0.345401  2.40e-16      151.99   88704 2457:3277
1     J1900-09        285.058333     -9.468611   1.424000         *      150.00   88183 2457:3277
1     J1918-1052      289.701029    -10.879550   0.798693  8.65e-16       62.73   90191 2457:3277
1     J1937+2950      294.448346     29.833833   1.657429  3.48e-15      113.99   38079 614:902,3194:3687
1     J2033+0042      308.379625      0.706111   5.013398  1.01e-14       37.84   74967 2457:3277
1     J2033-1938      308.480833    -19.649722   1.281719  4.55e-16       23.47   101650 2457:3277
1     J2227+30        336.875000     30.600000   0.842408         *       19.00   37165 532:943
1     J2305+4707      346.482675     47.129256   1.066371  5.69e-16       62.07   20365 696:1024
