1.240 22.043
1.240 22.887
0.004 42.551
0.004 13.510
0.315 27.851
0.912 6.4414
0.912 10.133
0.001 32.402
0.001 100.17
0.001 27.967
0.001 63.834
0.942 117.05
0.942 359.78
0.036 23.666
1.118 52.812
1.118 40.486
1.118 11.960
1.217 11.488
1.217 10.302
1.217 15.238
1.366 28.166
0.354 33.873
0.354 44.887
0.832 29.470
2.115 24.451
2.115 11.414
0.472 22.611
0.472 13.530
0.637 12.472
0.996 25.411
1.679 73.641
1.679 54.444
1.679 36.300
1.679 8.1907
0.354 8.8910
1.283 6.5541
1.283 26.289
1.283 99.744
1.071 54.900
1.071 7.5634
1.071 16.857
4.301 10.365
0.101 21.737
0.101 45.509
0.101 30.826
0.101 11.324
1.708 8.5581
0.136 16.347
0.136 61.301
0.136 34.566
0.717 11.250
1.775 8.4612
0.272 337.56
0.272 70.267
0.272 105.63
1.222 230.23
1.222 52.133
1.222 130.09
1.222 192.11
0.196 26.584
0.196 22.470
0.196 28.648
1.464 42.762
1.464 8.1740
0.832 69.232
0.832 156.39
0.832 16.180
1.811 8.9689
1.811 7.7363
2.351 12.000
0.376 14.160
0.024 10.232
0.024 10.994
0.548 12.281
0.548 23.322
0.002 13.052
0.002 17.157
0.002 15.305
1.466 10.984
1.466 27.312
0.592 73.750
0.592 14.195
1.473 17.974
2.128 14.403
0.002 6.2017
3.032 62.658
3.032 38.604
3.032 18.753
1.364 23.874
0.714 399.79
0.714 167.86
0.269 6.5569
1.762 21.247
1.888 9.5485
1.888 26.189
1.934 29.583
1.934 27.636
0.039 9.3896
0.039 9.8085
0.197 47.204
0.197 19.425
0.226 13.585
0.226 20.777
0.226 25.633
0.156 207.75
0.156 141.43
0.091 10.500
0.091 11.308
0.594 85.437
0.594 164.91
0.594 27.455
0.754 12.607
1.878 11.170
1.878 15.878
0.687 7.6589
0.390 14.241
0.390 80.681
0.654 12.188
0.654 13.111
0.654 8.9987
0.440 10.735
1.241 13.172
2.161 20.640
0.922 9.5493
0.450 12.254
0.438 71.432
0.438 49.892
0.438 114.06
0.438 31.749
0.548 383.69
0.548 180.88
0.340 346.59
0.340 23.557
0.340 76.228
0.638 41.011
0.076 15.359
0.340 15.379
0.241 52.044
0.241 23.467
0.963 15.671
0.963 21.177
0.963 24.372
0.524 11.449
0.524 13.660
0.524 72.805
1.073 7.8277
1.146 9.3817
0.395 58.956
0.395 175.27
0.002 6.0449
0.003 19.090
0.443 22.221
0.443 6.7700
1.674 40.138
0.297 28.768
0.297 8.5348
0.297 8.4058
0.297 19.023
0.003 15.773
0.003 18.910
0.003 23.893
0.003 18.852
0.619 11.454
0.003 14.028
1.039 11.530
1.039 37.588
1.039 12.857
0.346 24.251
0.346 15.614
0.475 53.402
1.244 178.73
1.244 707.53
0.002 7.0839
0.002 8.7061
0.008 35.515
0.657 29.434
0.924 9.3584
1.214 10.041
1.214 71.542
1.214 10.510
1.224 10.751
1.224 12.600
0.195 19.710
0.195 93.425
0.195 65.071
0.974 12.574
0.974 21.329
0.015 9.2184
0.424 6.5503
0.424 17.568
3.442 7.5327
0.251 8.8977
0.251 21.301
0.251 6.0114
0.510 105.04
0.510 26.822
1.796 6.8562
0.320 6.1048
0.320 18.773
0.022 48.000
0.022 65.448
0.022 47.677
2.773 9.4548
6.824 11.424
0.002 8.7824
0.002 9.1451
0.166 488.69
0.166 321.73
0.166 1003.2
0.407 10.780
1.174 19.414
1.442 10.770
1.442 37.284
1.442 16.865
1.442 22.606
0.682 13.481
0.682 15.527
0.682 78.305
2.191 10.924
0.866 8.0355
0.866 10.341
0.482 7.6693
0.482 13.928
1.292 88.312
1.292 299.08
2.161 14.778
2.161 9.6731
2.161 11.458
1.238 369.07
1.238 176.52
1.238 148.11
0.124 12.421
1.073 9.8466
1.073 25.129
0.864 87.551
0.864 149.99
0.864 34.499
0.530 396.83
0.530 163.25
1.848 73.436
1.848 72.357
0.541 30.650
0.541 6.6313
1.273 10.825
1.273 220.02
1.273 209.10
0.308 18.716
1.365 12.811
1.116 30.437
1.116 86.572
1.116 26.793
1.602 39.750
1.602 7.1395
1.267 72.565
1.267 81.259
1.267 84.347
0.401 49.033
0.401 28.823
0.401 88.338
0.401 25.961
1.526 7.8298
1.526 6.6830
1.567 21.863
1.567 48.248
1.567 6.4212
0.430 540.20
0.430 147.80
0.430 162.40
2.060 16.925
2.060 12.220
2.091 24.064
2.091 34.799
2.091 31.886
1.931 16.287
1.931 8.7360
1.931 26.186
2.229 24.065
0.570 58.639
0.570 65.380
0.570 16.306
0.570 21.171
0.851 30.199
0.851 14.386
0.851 32.261
1.373 27.089
1.373 57.186
1.723 27.102
1.723 17.183
2.517 31.939
2.517 129.16
0.005 7.1075
1.804 14.495
1.804 67.426
1.804 19.703
1.804 51.287
0.005 11.131
1.150 67.368
1.150 142.93
0.028 18.057
1.386 36.085
1.386 100.00
0.326 7.1913
0.330 21.641
0.330 14.640
0.330 46.847
3.631 13.571
0.793 11.950
1.656 126.92
1.656 94.786
0.004 6.1623
0.004 59.525
0.004 36.827
0.887 24.645
0.887 29.360
0.887 19.650
0.538 17.627
0.538 18.109
0.538 43.414
0.291 46.851
0.291 13.654
2.343 10.546
0.003 11.142
1.382 285.42
1.382 298.36
1.382 231.83
1.382 203.22
1.31 36.155
0.617 10.485
0.617 60.664
0.617 6.8346
0.617 24.462
0.447 98.556
0.447 56.341
0.447 42.335
0.447 23.291
0.002 9.3786
0.458 15.057
1.028 13.315
0.670 42.887
0.670 55.839
0.670 16.824
0.002 17.213
0.002 9.1618
1.106 20.395
0.650 18.552
0.650 55.018
0.650 9.3248
0.399 16.339
0.399 29.911
0.003 15.424
0.003 31.278
0.003 7.3222
0.003 8.7388
0.062 15.780
1.096 32.644
1.096 36.408
1.096 103.37
0.041 12.004
0.041 11.348
0.041 11.705
0.947 7.9378
0.007 41.469
0.007 9.3777
0.464 20.861
0.464 23.876
0.739 412.39
0.739 389.15
0.794 6.6943
0.040 54.227
0.040 91.636
2.417 100.92
2.417 22.734
0.060 18.103
1.124 58.029
1.124 15.844
1.124 108.89
1.319 16.172
0.709 110.03
0.709 64.919
0.709 241.49
0.709 101.49
0.002 25.584
0.002 20.121
0.002 6.1606
1.576 13.604
1.576 15.351
0.002 10.184
0.002 16.878
0.975 26.316
0.975 13.820
0.532 44.060
0.532 30.081
0.518 48.521
0.003 9.1087
0.283 16.667
0.283 12.140
0.283 19.025
0.778 147.64
0.778 87.469
0.883 58.432
6.88 14.039
0.421 71.596
0.421 119.83
0.421 183.61
0.421 236.82
1.296 24.998
0.923 41.522
0.923 68.122
0.003 6.6548
0.407 22.351
0.407 42.188
0.407 18.867
2.477 10.352
2.477 8.8483
2.477 50.331
0.731 6.4369
1.276 43.009
1.276 23.407
0.011 34.869
0.011 15.944
0.395 14.940
0.181 14.714
0.003 18.967
0.510 6.1726
0.698 9.5464
1.091 18.507
0.002 7.5077
0.387 657.04
0.387 701.75
0.005 15.398
1.599 7.9941
1.599 40.094
0.719 16.392
0.719 7.3093
0.719 17.245
1.015 30.385
0.262 7.4993
0.002 13.148
1.703 19.182
1.703 30.869
1.703 43.105
1.703 21.480
0.915 48.483
0.915 58.966
0.915 128.50
0.791 7.3193
0.791 17.256
0.791 10.572
0.542 12.224
0.542 12.100
0.542 26.384
1.358 21.326
1.494 13.464
1.494 8.5392
0.003 11.474
0.003 12.213
0.002 7.6019
0.291 12.304
2.454 25.436
1.211 155.42
1.211 106.34
1.211 61.555
6.443 18.899
6.443 27.162
0.255 12.557
0.255 21.961
1.476 17.197
1.476 64.039
0.692 12.974
0.692 6.2370
0.954 24.369
0.792 7.9616
0.003 6.8028
0.255 25.934
1.600 16.852
1.600 26.410
1.600 27.777
3.357 30.078
3.357 10.707
0.477 94.921
0.477 142.72
0.874 14.031
0.874 8.7474
0.620 39.249
0.620 71.057
0.620 54.109
0.620 22.930
0.003 7.0170
0.003 7.6177
0.477 85.235
0.477 28.174
0.477 31.057
0.236 14.437
0.236 46.469
0.236 11.976
0.239 16.079
0.239 7.4980
1.293 9.7925
1.293 7.1033
0.386 22.324
0.386 40.762
0.386 10.526
0.386 21.589
0.066 10.088
0.008 34.730
0.008 47.042
0.871 19.813
0.871 24.000
0.871 75.150
0.839 16.653
0.782 11.395
0.782 15.131
0.419 145.36
0.419 57.034
2.642 10.278
6.445 7.0068
6.445 7.3421
6.445 7.9684
0.397 6.8123
0.768 11.103
0.892 32.034
0.892 6.0851
1.360 9.9414
1.360 17.747
1.360 24.384
1.360 9.5308
0.512 35.982
0.512 59.384
0.512 57.735
0.444 18.762
2.414 11.640
2.414 10.956
2.414 9.7687
1.683 29.822
1.045 9.6892
0.367 14.407
0.367 30.743
0.367 63.958
3.465 7.6267
1.058 6.8595
1.058 17.424
0.002 6.3368
0.003 6.0282
0.684 24.028
0.409 15.385
0.409 13.061
0.562 769.86
0.562 711.27
0.666 39.504
0.666 13.245
0.361 16.141
0.361 9.1817
0.392 11.269
0.392 10.989
2.391 17.756
2.391 26.929
2.391 17.773
0.947 35.285
0.947 58.274
0.947 20.838
0.460 23.802
0.460 33.066
0.574 25.786
0.574 18.568
0.574 22.403
1.078 15.798
1.078 8.3396
0.783 8.1024
0.783 8.1451
0.783 7.7331
0.578 36.399
0.921 8.4709
0.921 13.076
1.081 17.076
1.081 56.069
0.554 6.8575
0.633 6.7600
0.009 13.912
0.218 9.3185
0.827 22.849
0.827 12.447
0.827 19.314
0.876 8.7707
0.364 12.085
0.744 7.4810
0.860 24.466
0.860 12.634
0.860 18.382
0.924 10.659
0.415 8.7135
0.415 12.023
0.793 18.693
0.793 12.584
0.587 6.1420
0.931 75.006
0.931 68.813
0.931 52.906
1.014 7.0364
0.426 12.281
0.217 17.395
0.592 29.204
0.592 32.098
0.592 30.029
0.003 7.3570
0.003 25.208
0.003 44.553
0.387 101.35
0.387 27.170
0.387 17.398
0.384 9.8880
0.384 43.661
0.598 141.60
0.598 113.86
0.598 264.41
0.337 9.2684
0.337 11.062
0.033 10.205
1.261 11.264
1.874 18.397
1.874 18.878
1.874 33.351
0.759 14.053
0.378 14.804
0.378 12.043
0.003 9.1148
0.284 204.68
0.284 38.235
0.284 36.216
2.499 13.314
1.161 6.7846
1.505 11.620
0.778 6.6558
0.778 14.484
0.778 21.751
1.271 18.204
1.271 25.205
0.318 6.7395
0.612 9.5441
0.533 6.2618
0.744 24.703
0.647 13.093
0.686 62.063
0.686 62.796
0.520 11.776
0.520 21.391
0.290 126.72
0.290 42.255
0.003 7.9800
0.354 7.1250
0.617 16.836
0.617 7.8968
0.484 25.071
0.859 15.902
1.652 130.73
1.652 355.90
3.088 12.604
3.088 9.1769
0.880 7.8282
0.880 14.037
0.191 15.202
0.460 20.148
0.991 20.131
1.092 14.617
4.476 26.134
0.861 16.717
0.597 102.24
0.597 27.585
0.597 22.944
0.659 17.398
0.659 16.869
1.637 20.447
0.668 6.2997
0.953 8.6386
0.953 13.092
1.451 58.828
0.275 11.592
0.275 10.303
1.081 8.4956
1.409 15.216
1.409 10.564
0.524 17.451
0.336 91.553
0.336 57.853
0.267 7.5935
0.370 10.277
0.370 11.158
0.356 16.767
0.002 6.5778
0.559 20.431
0.559 6.9978
1.393 13.578
1.424 43.121
0.612 174.98
0.612 107.71
0.612 398.98
0.602 16.758
0.288 31.203
0.288 19.046
0.288 22.029
0.288 10.814
0.729 84.211
0.729 23.420
0.729 59.705
0.301 6.2937
0.431 7.3839
0.431 6.7854
0.431 31.484
0.139 18.950
0.643 39.138
0.643 25.419
0.003 6.1573
0.002 9.6068
0.002 8.0809
1.235 64.906
1.235 211.61
0.377 10.504
1.016 25.759
1.016 13.150
1.016 20.230
0.989 85.673
0.337 7.1362
0.504 31.784
0.504 97.406
0.504 81.598
6.94 15.227
2.232 32.689
2.232 20.749
0.621 12.343
0.621 15.207
0.621 9.3328
0.825 416.95
0.825 200.19
0.851 7.1212
0.851 13.350
0.851 29.822
0.457 12.241
0.457 11.140
0.317 34.951
0.317 6.9411
0.317 6.2109
2.177 7.5696
0.425 24.368
0.425 11.313
0.425 15.765
0.007 7.3794
1.272 34.498
1.272 57.637
1.272 8.7506
0.785 40.021
0.785 27.225
0.785 92.073
1.337 381.13
1.337 622.43
1.337 368.65
0.595 80.169
0.595 19.555
1.172 11.249
1.077 125.17
1.077 93.890
0.529 13.869
0.003 6.5977
0.003 19.072
1.431 13.263
1.431 6.9885
1.166 10.584
1.456 11.051
0.268 21.885
0.268 69.373
0.144 31.693
0.144 14.340
0.571 7.5658
0.568 17.886
0.200 36.127
0.200 13.330
0.200 52.843
1.657 23.887
1.657 9.5689
0.001 14.685
0.001 16.800
0.001 14.111
0.645 23.639
0.645 19.028
0.022 17.595
1.855 29.290
1.855 7.9945
1.404 6.7930
0.217 10.728
0.217 21.701
0.402 60.204
0.402 28.799
0.840 6.0031
0.840 17.657
0.840 6.4577
0.203 11.280
1.045 66.261
1.045 40.480
1.334 9.3200
0.959 67.363
0.959 40.452
0.959 44.015
0.003 6.0360
0.717 88.524
0.717 466.04
0.957 32.355
0.957 54.913
0.039 28.187
0.039 10.219
1.333 7.4131
0.426 62.280
0.426 39.889
1.386 26.515
0.006 20.096
0.006 13.851
0.006 54.309
0.006 9.2793
0.518 35.504
0.518 89.117
0.518 181.42
0.518 106.15
0.307 14.582
0.001 16.596
0.001 11.304
0.719 10.217
0.719 14.266
0.696 17.616
0.905 20.610
0.905 62.460
0.905 44.619
2.111 17.501
2.111 18.498
2.111 12.487
2.279 12.089
2.279 9.7136
0.580 96.442
0.580 143.37
0.589 8.2735
0.589 16.679
0.565 39.024
0.565 17.183
0.580 21.336
0.580 13.909
0.276 15.872
0.230 8.6890
0.230 13.428
0.230 42.703
2.303 9.4204
0.064 13.410
0.537 19.039
0.537 11.053
0.537 15.514
0.403 15.692
0.557 320.96
0.557 398.81
0.557 488.54
0.003 13.156
0.003 15.854
0.343 117.10
0.343 441.13
0.529 130.84
0.529 114.40
0.529 280.16
0.372 24.297
0.372 25.579
0.372 10.927
0.398 6.0564
1.099 34.796
0.515 21.363
0.515 27.980
0.176 32.621
1.216 54.345
1.216 21.356
1.216 11.613
1.216 14.963
0.630 48.923
0.630 12.247
0.630 17.452
0.579 10.119
0.579 10.571
5.013 14.353
5.013 12.546
5.013 8.9695
5.013 8.0812
1.281 13.969
1.358 12.936
2.074 24.254
0.618 18.282
0.618 35.880
0.618 9.4637
1.577 17.931
1.577 18.120
1.424 13.848
1.424 11.732
0.096 64.205
0.096 52.593
0.096 74.147
1.392 7.7195
1.392 12.885
1.546 32.250
1.546 32.566
0.476 22.906
0.476 11.615
0.476 6.2615
0.445 8.1400
1.961 284.82
1.961 220.62
0.283 8.4774
0.004 31.360
0.815 100.65
0.815 38.510
0.221 62.950
0.221 68.387
0.221 76.419
1.19 11.617
1.19 15.721
0.405 9.7824
1.423 9.5239
1.423 12.818
1.423 29.730
0.414 78.175
0.414 68.037
0.414 39.183
3.953 33.204
3.953 11.530
4.061 9.7426
1.202 34.429
1.202 82.552
1.202 28.863
1.014 308.24
1.014 136.59
0.552 7.5843
0.138 11.311
1.227 22.640
1.227 13.748
1.750 6.2948
1.750 13.167
0.696 46.049
0.696 18.151
0.312 13.431
0.312 14.085
1.083 94.633
1.083 273.18
8.509 24.862
8.509 7.8560
0.016 8.0728
0.016 329.17
0.016 92.854
0.380 44.897
0.380 183.18
0.332 9.5718
0.332 49.194
0.332 18.014
0.593 7.0508
1.343 9.2538
1.609 12.034
1.609 8.2208
1.609 7.9248
1.030 47.778
1.030 87.923
1.030 118.77
0.498 18.336
0.498 14.765
0.498 7.2362
1.525 125.41
1.525 440.82
0.322 8.0928
0.322 6.2787
0.636 22.257
0.933 43.888
0.933 42.719
2.057 8.8131
1.004 13.544
1.004 37.689
1.056 23.173
0.538 442.27
0.538 327.12
0.538 226.67
0.538 248.71
0.032 36.975
0.032 6.7548
0.032 25.107
0.281 16.796
0.281 15.990
1.336 12.070
1.336 10.561
0.682 23.402
0.682 26.708
0.682 72.512
0.842 11.626
0.842 24.799
0.842 31.498
0.842 12.612
0.002 34.160
0.002 7.6831
0.002 9.7603
0.051 16.080
0.443 108.96
0.443 43.565
1.893 10.809
1.358 15.432
1.358 31.274
1.358 28.139
3.07 8.1054
3.07 29.008
3.07 31.583
1.664 15.227
0.855 11.792
0.477 49.269
0.477 38.261
0.368 166.19
0.368 31.053
0.368 30.072
1.206 17.685
1.206 108.06
1.575 8.1302
1.575 58.560
1.066 22.709
0.535 19.732
0.535 6.4083
0.535 11.792
0.475 71.737
0.475 96.290
0.475 25.444
0.349 265.07
0.349 379.43
0.813 9.5798
1.444 99.111
1.444 273.75
0.216 17.322
0.216 11.317
0.216 10.407
0.216 21.867
2.256 17.491
2.256 104.53
2.256 98.869
2.256 61.656
0.004 8.0028
0.868 23.514
1.436 29.417
1.436 18.220
1.436 108.99
0.233 20.143
0.233 72.441
1.643 73.325
1.643 306.29
1.643 302.49
0.495 21.614
0.495 7.1595
0.495 17.330
0.495 18.706
1.799 15.305
1.799 10.029
1.181 8.1327
1.181 86.963
1.181 15.088
1.164 11.462
1.164 6.5916
1.011 11.268
0.944 20.555
0.944 23.529
0.944 19.742
