1 J1804-2858 270.991460363 -28.9669970458 0.00149 * 232.4 htru_mhlt
2374 J1939+2134 294.910672 21.58309 0.001558 1.05e-19 71.02
2448 J1959+2048 299.903208 20.804201 0.001607 1.69e-20 29.12
37 J0034-0534 8.590976 -5.576867 0.001877 4.97e-21 13.77
1140 J1649+80 252.5 80.75 0.002021 * 31.09
905 J1544+4937 236.018697 49.632015 0.002159 2.93e-21 23.23
1192 J1701-3006F 255.303426 -30.114394 0.002295 2.22e-19 113.29
95 J0218+4232 34.526494 42.53816 0.002323 7.74e-20 61.25
666 J1327-0755 201.98995 -7.924944 0.002678 1.77e-21 27.91
251 J0636+5129 99.020197 51.483324 0.002869 3.44e-21 11.11
285 J0740+6620 115.190814 66.342657 0.002886 1.22e-20 14.96
2606 J2229+2643 337.462019 26.73268 0.002978 1.52e-21 22.73
223 J0613-0200 93.433233 -2.01312 0.003062 9.59e-21 38.78
715 J1400-1431 210.154182 -14.529735 0.003084 7.23e-21 4.93
1109 J1641+3627D 250.420833 36.460278 0.003118 * 30.60
2594 J2214+3000 333.661886 30.010609 0.003119 1.47e-20 22.55
284 J0740+41 115.25 41.066667 0.003139 * 20.83
226 J0614-3329 93.543116 -33.498366 0.003149 1.75e-20 37.05
993 J1614-2230 243.652114 -22.508686 0.003151 9.62e-21 34.92
1693 J1816+4510 274.149726 45.176073 0.003193 4.31e-20 38.89
1245 J1710+49 257.620833 49.333333 0.003220 * 7.09
1055 J1630+37 247.5 37.0 0.003320 * 14.10
2638 J2317+1439 349.288486 14.658682 0.003445 2.43e-21 21.88
1296 J1721-2457 260.272908 -24.951714 0.003497 5.54e-21 47.76
2219 J1911-1114 287.955343 -11.239578 0.003626 1.39e-20 31.02
580 J1231-1411 187.797138 -14.195453 0.003684 2.28e-20 8.09
2297 J1923+2515 290.843719 25.261276 0.003788 9.56e-21 18.86
217 J0610-2100 92.556648 -21.007759 0.003861 1.24e-20 60.67
2486 J2019+2425 304.883121 24.420918 0.003935 7.02e-21 17.20
512 J1125+7819 171.499377 78.330199 0.004202 6.96e-21 11.73
2528 J2051-0827 312.781332 -8.460486 0.004509 1.27e-20 20.73
369 J0931-1902 142.829655 -19.048618 0.004638 3.63e-21 41.49
2642 J2322+2057 350.593063 20.950744 0.004808 9.66e-21 13.36
34 J0030+0451 7.614283 4.861031 0.004865 1.02e-20 4.34
2551 J2124-3358 321.182706 -33.979125 0.004931 2.06e-20 4.60
428 J1024-0719 156.161114 -7.32211 0.005162 1.86e-20 6.48
2628 J2302+4442 345.695743 44.706135 0.005192 1.38e-20 13.73
2470 J2010-1323 302.691339 -13.398914 0.005223 4.82e-21 22.18
408 J1012+5307 153.139326 53.117301 0.005256 1.71e-20 9.02
1748 J1823-3021A 275.918696 -30.361146 0.005440 3.38e-18 86.88
2439 J1955+2908 298.866147 29.145399 0.006133 2.97e-20 104.52
616 J1300+1240 195.014903 12.682353 0.006219 1.14e-19 10.17
1588 J1801-3210 270.357873 -32.181587 0.007454 -4.44e-23 177.71
2269 J1918-0642 289.700136 -6.709695 0.007646 2.57e-20 26.46
792 J1455-3330 223.949876 -33.512885 0.007987 2.43e-20 13.57
1329 J1730-2304 262.590276 -23.075331 0.008123 2.02e-20 9.62
856 J1529-3828 232.312944 -38.479403 0.008486 2.70e-20 73.62
2431 J1953+67 298.25 67.033333 0.008565 * 57.20
253 J0645+5158 101.496176 51.970811 0.008853 4.92e-21 18.25
1609 J1804-2717 271.088055 -27.292037 0.009343 4.09e-20 24.67
1026 J1623-2631 245.909257 -26.531602 0.011076 6.71e-19 62.86
1624 J1806+2819 271.604441 28.316976 0.015084 3.75e-20 18.68
271 J0721-2038 110.42877 -20.635295 0.015542 4.40e-20 76.10
2574 J2145-0750 326.460252 -7.838469 0.016052 2.98e-20 9.00
2376 J1939+66 295.0 66.2 0.022261 * 41.20
280 J0737-3039A 114.463535 -30.66131 0.022699 1.76e-18 48.92
93 J0214+5222 33.730297 52.378042 0.024575 2.99e-19 22.04
439 J1038+0032 159.612221 0.545444 0.028852 6.70e-20 26.59
2600 J2222-0137 335.524871 -1.621035 0.032818 5.80e-21 3.28
994 J1614-23 243.5 -23.25 0.033500 * 52.00
1724 J1821+0155 275.412015 1.922776 0.033781 2.90e-20 51.75
1 J0709+05 107.39783416666666 5.0474946944444445 0.03443 * 44.3 aodrift
39 J0034+69 8.5 69.716667 0.036804 * 80.00
123 J0348+0432 57.181829 4.536516 0.039123 2.41e-19 40.46
2427 J1952+3252 298.242525 32.877919 0.039531 5.84e-15 45.01
834 J1518+4904 229.569996 49.076181 0.040935 2.72e-20 11.61
773 J1434+7257 218.498904 72.957364 0.041741 5.50e-19 12.61
211 J0557-2948 89.387498 -29.804668 0.043643 7.30e-20 49.05
77 J0141+63 25.25 63.133333 0.046686 * 272.60
2607 J2229+6114 337.272 61.235917 0.051624 7.83e-14 204.97
852 J1528-3146 232.145643 -31.768566 0.060822 2.49e-19 18.16
732 J1411+2551 212.828608 25.852331 0.062453 9.56e-20 12.37
2479 J2016+1948 304.239348 19.797663 0.064940 4.01e-19 33.81
1328 J1729-2117 262.295033 -21.291111 0.066293 1.72e-19 34.49
170 J0510+38 77.495833 38.2 0.076564 * 69.00
128 J0358+66 59.5 66.666667 0.091507 * 62.30
2515 J2043+2740 310.93125 27.682222 0.096131 1.27e-15 21.02
66 J0117+5914 19.411088 59.243997 0.101439 5.85e-15 49.42
308 J0820-3826 125.249717 -38.445244 0.124836 2.44e-15 195.56
70 J0134-2937 23.577843 -29.621401 0.136962 7.84e-17 21.81
2549 J2122+54 320.75 54.55 0.138866 * 31.70
2136 J1904+0004 286.052992 0.068136 0.139525 1.18e-16 233.61
2345 J1932+2220 293.094758 22.347635 0.144470 5.76e-14 219.20
127 J0358+5413 59.723849 54.220496 0.156384 4.39e-15 57.14
2510 J2038+35 309.5 35.0 0.160000 * 58.00
1627 J1807-0847 271.908448 -8.795353 0.163727 2.88e-17 112.38
286 J0742-2822 115.704408 -28.378822 0.166762 1.68e-14 73.73
1053 J1629+43 247.25 43.983333 0.181173 * 7.30
1529 J1755-0903 268.793183 -9.064333 0.190710 7.81e-16 63.70
264 J0700+6418 105.157508 64.303111 0.195671 6.85e-19 8.77
80 J0147+5922 26.936024 59.367581 0.196321 2.57e-16 40.11
125 J0357+5236 59.436731 52.616028 0.197030 4.77e-16 103.71
1802 J1829+0000 277.446417 0.002361 0.199147 5.25e-16 114.00
2366 J1937+2544 294.255275 25.737132 0.200980 6.43e-16 53.22
2388 J1942+81 295.5 81.1 0.203568 * 40.30
1126 J1647-3607 251.943792 -36.117778 0.212316 1.29e-16 224.00
2640 J2319+6411 349.896708 64.190488 0.216018 1.63e-16 246.00
2381 J1941+0121 295.316829 1.360972 0.217317 1.91e-16 52.70
1689 J1816-0755 274.102262 -7.922917 0.217643 6.48e-15 116.80
1611 J1805+0306 271.292311 3.108409 0.218712 9.99e-16 80.86
2535 J2055+3630 313.880634 36.505964 0.221508 3.69e-16 97.42
126 J0358+42 59.5 42.1 0.226478 * 46.00
2477 J2013+3845 303.293196 38.762031 0.230194 8.85e-15 238.22
2647 J2326+6113 351.744572 61.226797 0.233652 3.53e-16 122.61
1301 J1722-3712 260.746542 -37.201028 0.236173 1.09e-14 99.49
1311 J1725-0732 261.301171 -7.549778 0.239919 4.30e-16 58.91
178 J0520-2553 80.150772 -25.886748 0.241642 3.01e-17 33.77
274 J0729-1448 112.318542 -14.810222 0.251659 1.13e-13 91.70
1250 J1712-2715 258.048792 -27.264722 0.255360 1.28e-15 92.64
1211 J1705-3423 256.426513 -34.395881 0.255426 1.08e-15 146.36
1537 J1755-2725 268.9245 -27.429167 0.261955 1.37e-17 115.00
2060 J1856+0113 284.044382 1.222576 0.267440 2.08e-13 96.74
2344 J1932+2020 293.033431 20.346226 0.268217 4.22e-15 211.15
116 J0335+4555 53.819363 45.931521 0.269201 7.35e-18 47.15
228 J0621+0336 95.296754 3.612644 0.269954 7.24e-18 72.59
220 J0611+1436 92.827704 14.614444 0.270329 4.00e-15 45.70
75 J0139+5814 24.83225 58.242172 0.272451 1.07e-14 73.81
2008 J1849+2423 282.394485 24.396104 0.275641 1.53e-16 62.27
2476 J2013+3058 303.392721 30.980747 0.276028 1.52e-16 148.70
2601 J2222+2923 335.763434 29.399624 0.281399 6.17e-18 49.41
955 J1603-2531 240.770389 -25.529819 0.283070 1.59e-15 53.76
2526 J2048+2255 312.191117 22.918142 0.283901 1.52e-17 70.68
1754 J1823-3106 275.944952 -31.11382 0.284054 2.93e-15 50.24
2097 J1901+0156 285.392869 1.943949 0.288219 2.36e-15 105.39
1836 J1834-0426 278.606678 -4.437733 0.290108 7.19e-17 79.31
1193 J1701-3130 255.431304 -31.510194 0.291341 5.60e-17 130.73
532 J1141-3322 175.428173 -33.377059 0.291468 4.63e-16 46.45
222 J0612+3721 93.202861 37.360377 0.297982 5.95e-17 27.15
2126 J1903-0258 285.876429 -2.971 0.301459 6.79e-16 113.00
1857 J1835-1020 278.98991 -10.334583 0.302450 5.92e-15 113.70
2445 J1957+2831 299.330822 28.528845 0.307683 3.11e-15 138.99
326 J0838-2621 129.578338 -26.358208 0.308581 3.90e-17 116.90
2566 J2139+00 324.925 0.6 0.312470 * 36.00
35 J0033+57 8.25 57.0 0.315000 * 76.00
2246 J1915+0227 288.758842 2.463269 0.317306 2.99e-16 192.60
33 J0026+6320 6.710671 63.333575 0.318358 1.50e-16 230.31
279 J0737-2202 114.433629 -22.034811 0.320366 5.47e-15 95.70
2588 J2206+6151 331.575496 61.866139 0.322674 3.97e-16 167.00
1383 J1739-2903 264.892825 -29.050967 0.322882 7.88e-15 138.55
446 J1046+0304 161.680125 3.068583 0.326271 1.24e-16 25.30
448 J1047-3032 161.75339 -30.538334 0.330328 6.10e-17 52.54
2576 J2150+5247 327.657222 52.797118 0.332206 1.01e-14 148.93
2035 J1852-2610 283.247783 -26.170195 0.336337 8.77e-17 56.81
111 J0324+5239 51.231083 52.658694 0.336620 3.81e-16 115.46
1720 J1820-0509 275.0947 -5.160694 0.337321 9.32e-16 104.00
2199 J1910+0225 287.543162 2.423222 0.337855 2.62e-16 209.00
176 J0519+54 80.0 54.416667 0.340194 * 43.00
156 J0454+5543 73.532294 55.728177 0.340729 2.37e-15 14.59
2489 J2022+2854 305.654446 28.906418 0.343402 1.89e-15 24.63
2058 J1855-0941 283.815333 -9.683889 0.345401 2.40e-16 151.99
236 J0627+0649 96.973452 6.831703 0.346523 1.70e-15 86.60
2635 J2313+4253 348.28592 42.886956 0.349434 1.12e-16 17.28
2436 J1954+3852 298.504512 38.871078 0.352933 6.60e-15 65.40
58 J0103+54 15.904167 54.033333 0.354304 * 55.60
45 J0051+0423 12.875417 4.380278 0.354732 7.00e-18 13.90
2065 J1857+0057 284.253367 0.954659 0.356929 5.46e-17 82.39
513 J1126-27 171.5 -27.616667 0.358161 * 26.86
1526 J1754-3443 268.655717 -34.731639 0.361691 5.71e-16 187.70
1640 J1808-3249 272.018667 -32.826111 0.364912 7.05e-15 147.37
1431 J1745-3040 266.484636 -30.673108 0.367432 1.07e-14 88.37
2626 J2257+5909 344.490601 59.154121 0.368246 5.75e-15 151.08
2063 J1856-0526 284.091571 -5.449111 0.370483 1.70e-15 130.50
2492 J2023+5037 305.924761 50.626349 0.372619 2.51e-15 32.99
92 J0212+5222 33.2175 52.379167 0.376386 6.60e-15 38.24
2185 J1908+2351 287.133083 23.861639 0.377578 1.70e-17 101.69
1749 J1823-3021B 275.923106 -30.361372 0.378596 2.99e-17 87.01
2575 J2149+6329 327.494125 63.495417 0.380140 1.68e-16 129.72
1700 J1817-3837 274.251125 -38.63325 0.384487 5.80e-16 102.85
263 J0659+1414 104.950558 14.239306 0.384891 5.50e-14 13.94
1325 J1728-0007 262.14508 -0.129168 0.386004 1.12e-15 41.09
1699 J1817-3618 274.274071 -36.301111 0.387017 2.05e-15 94.30
1119 J1645-0317 251.258506 -3.299533 0.387690 1.78e-15 35.76
137 J0415+6954 63.981889 69.902747 0.390715 7.66e-17 27.45
1527 J1754-3510 268.727567 -35.178611 0.392704 7.82e-16 82.30
1048 J1627+86 246.75 86.9 0.395785 * 46.00
213 J0601-0527 90.495759 -5.464044 0.395969 1.30e-15 80.54
679 J1335-3642 203.9 -36.7 0.399192 * 41.70
351 J0908-1739 137.159092 -17.660464 0.401626 6.69e-16 15.88
2385 J1941-2602 295.251696 -26.034931 0.402858 9.56e-16 50.04
2483 J2017+59 304.5 59.216667 0.403619 * 61.00
2538 J2105+28 316.5 28.483333 0.405737 * 62.40
996 J1614-3937 243.630112 -39.624667 0.407292 1.59e-16 152.44
289 J0746+66 116.5 66.6 0.407670 * 28.00
1515 J1752+2359 268.147583 23.996722 0.409051 6.43e-16 36.20
2541 J2108+4441 317.085342 44.696908 0.414871 8.62e-17 139.83
1664 J1811-2439 272.981375 -24.664722 0.415813 2.97e-16 172.00
1359 J1735-0724 263.770715 -7.414581 0.419335 1.21e-15 73.51
2452 J2002+30 300.741667 30.583333 0.421794 * 196.00
968 J1607-0032 241.800431 -0.544675 0.421816 3.06e-16 10.68
272 J0725-1635 111.251684 -16.59606 0.424311 9.26e-17 98.98
1632 J1808+00 272.079167 0.566667 0.425115 * 141.00
2268 J1917+2224 289.434283 22.380211 0.425897 2.86e-15 134.75
2435 J1954+2923 298.593975 29.388136 0.426677 1.71e-18 7.93
1688 J1815+55 273.75 55.483333 0.426802 * 59.00
359 J0922+0638 140.558425 6.639806 0.430627 1.37e-14 27.30
2130 J1903-0632 285.908083 -6.539428 0.431887 3.40e-15 195.61
152 J0450-1248 72.536588 -12.801972 0.438014 1.03e-16 37.04
139 J0417+61 64.25 61.133333 0.440283 * 71.00
2608 J2229+6205 337.424312 62.093339 0.443055 2.26e-15 124.64
218 J0610+37 92.75 37.3 0.443861 * 39.00
1409 J1743-0339 265.784105 -3.653189 0.444645 1.56e-15 30.26
639 J1311-1228 197.969375 -12.467117 0.447518 1.51e-16 36.21
150 J0448-2749 72.173198 -27.829649 0.450448 1.48e-16 26.22
1613 J1805-0619 271.380983 -6.329278 0.454651 9.69e-16 146.22
2241 J1914+0219 288.599142 2.329944 0.457527 1.02e-15 233.80
653 J1320-3512 200.052833 -35.207222 0.458488 1.90e-18 16.42
1950 J1844+00 281.045833 0.583333 0.460503 * 345.54
1564 J1759-2205 269.850654 -22.092509 0.460974 1.09e-14 177.16
800 J1501-0046 225.437316 -0.7732 0.464037 2.39e-16 22.26
50 J0056+4756 14.106303 47.936263 0.472037 3.33e-15 18.14
2633 J2308+5547 347.057592 55.793342 0.475068 1.99e-16 46.54
237 J0627+0706 96.934237 7.103528 0.475874 2.98e-14 138.25
2522 J2046+5708 311.694205 57.143636 0.476735 1.11e-14 101.79
1299 J1722-3207 260.512313 -32.129258 0.477158 6.46e-16 126.06
2623 J2248-0101 342.112103 -1.030024 0.477233 6.59e-16 29.05
1287 J1720-0212 260.238621 -2.206639 0.477715 8.28e-17 66.98
680 J1336-2522 204.086833 -25.367111 0.478145 3.31e-16 37.50
302 J0812-3905 123.061675 -39.096922 0.482596 4.49e-17 327.00
1895 J1839-0627 279.83525 -6.459444 0.484914 1.32e-16 88.50
2400 J1946-1312 296.740954 -13.210111 0.491865 1.99e-15 60.00
2652 J2337+6151 354.274008 61.850425 0.495370 1.93e-13 58.41
1 J1120-24 170.04166666666666 -23.6475 0.49701999999999996 * 11.0 superb
2583 J2156+2618 329.098767 26.308464 0.498149 1.42e-17 48.44
1 J1518-3950 229.496189771 -39.8359476363 0.49919 * 101.5 htru_mhlt
1 J1134+24 173.03825166666664 24.932973750000002 0.501 * 23.0 gbt350
2200 J1910-0309 287.623659 -3.16502 0.504605 2.19e-15 205.53
275 J0729-1836 112.384798 -18.611875 0.510160 1.90e-14 61.29
1 J1635-2616 249.062067051 -26.2565225101 0.510455 * 94.5 htru_mhlt
1406 J1741-3927 265.325337 -39.460556 0.512211 1.93e-15 158.50
2496 J2027+74 307.0 74.783333 0.515229 * 11.00
936 J1555-3134 238.8248 -31.57225 0.518110 6.22e-17 73.05
2440 J1955+5059 298.828182 50.998692 0.518938 1.37e-15 31.98
1834 J1834-0010 278.5719 -0.181467 0.520954 1.05e-17 88.65
197 J0540+3207 85.15465 32.127028 0.524271 4.48e-16 61.97
1 J1629-3827 247.247520794 -38.4579503547 0.52637 * 127.8 htru_mhlt
2491 J2022+5154 305.707804 51.913954 0.529197 3.06e-15 22.55
2295 J1922+58 290.5 58.466667 0.529623 * 53.00
315 J0826+2637 126.714097 26.623275 0.530661 1.71e-15 19.48
935 J1555-2341 238.888268 -23.686075 0.532578 6.94e-16 51.90
2632 J2307+2225 346.922033 22.430589 0.535829 8.70e-18 7.02
2481 J2017+2043 304.370575 20.725528 0.537143 9.96e-16 60.49
1987 J1848-0023 282.157875 -0.388056 0.537624 1.61e-15 30.60
531 J1141-3107 175.356787 -31.131278 0.538432 1.96e-15 30.77
2599 J2219+4754 334.950579 47.914981 0.538469 2.77e-15 43.50
320 J0835-3707 128.762833 -37.130972 0.541404 9.78e-15 112.30
1169 J1655-3048 253.852208 -30.811667 0.542936 3.66e-17 154.30
1 J2013-20 303.4286091666666 -20.144291083333332 0.544 * 39.0 gbt350
94 J0215+6218 33.985945 62.30927 0.548880 6.62e-16 84.00
154 J0452-1759 73.142107 -17.989825 0.548939 5.75e-15 39.90
2547 J2113+67 318.5 67.033333 0.552170 * 55.10
1590 J1802+0128 270.614375 1.47325 0.554262 2.11e-15 97.97
2484 J2018+2839 304.515972 28.665059 0.557953 1.48e-16 14.20
2081 J1859+00 284.941667 0.583333 0.559634 * 420.00
1517 J1752-2806 268.24454 -28.110361 0.562558 8.13e-15 50.37
1863 J1836-1008 279.224691 -10.135653 0.562711 1.18e-14 316.98
2471 J2010+2845 302.521117 28.758103 0.565369 9.07e-17 112.47
1 J0301+35 45.32339999999999 35.3369 0.56832 * 57.4 aodrift
2360 J1935+52 293.75 52.2 0.568387 * 71.00
587 J1234-3630 188.55 -36.511417 0.569242 8.66e-16 58.80
382 J0944-1354 146.12065 -13.911564 0.570264 4.53e-17 12.50
2346 J1932-3655 293.025625 -36.91725 0.571420 2.84e-16 59.88
1569 J1759-2922 269.951025 -29.368674 0.574400 4.63e-15 79.42
1574 J1800+50 270.25 50.466667 0.578364 * 23.00
2502 J2030+55 307.5 55.0 0.579000 * 60.00
2475 J2013-0649 303.323961 -6.818164 0.580187 6.01e-16 63.36
2461 J2006-0807 301.568196 -8.117199 0.580871 4.60e-17 32.39
2339 J1931+30 292.866667 30.583333 0.582126 * 56.00
1673 J1812-3039 273.187092 -30.655833 0.587477 6.60e-16 138.90
2516 J2043+7045 310.75 70.75 0.588000 * 57.00
2468 J2008+2513 302.147842 25.2251 0.589196 5.40e-15 60.56
100 J0242+62 40.645833 62.947222 0.592000 * 4.00
1692 J1816-2650 274.14751 -26.831526 0.592885 6.64e-17 128.12
2577 J2151+2315 327.870417 23.253556 0.593534 7.08e-16 23.60
1 J1930-01 292.5205958333333 -1.8921605555555556 0.594 * 36.0 gbt350
131 J0406+6138 61.625342 61.644733 0.594576 5.57e-15 65.41
2290 J1921+42 290.483333 42.416667 0.595201 * 53.00
1982 J1847-0402 281.845178 -4.037294 0.597792 5.17e-14 141.98
1719 J1820-0427 275.2192 -4.46059 0.598076 6.33e-15 84.44
2093 J1900+30 285.075 30.883333 0.602227 * 71.84
1392 J1740-3015 265.140917 -30.262083 0.606887 4.66e-13 151.96
1814 J1831-0823 277.901392 -8.389972 0.612133 3.09e-16 245.90
2092 J1900-2600 285.198258 -26.012167 0.612209 2.05e-16 37.99
1355 J1734-2415 263.673333 -24.255556 0.612524 1.05e-15 126.30
1869 J1837-0045 279.383975 -0.752956 0.617037 1.68e-15 86.98
614 J1257-1027 194.269873 -10.451602 0.617308 3.63e-16 29.63
2509 J2037+3621 309.364336 36.356694 0.618715 4.50e-15 93.56
224 J0613+3731 93.300625 37.527306 0.619198 3.24e-15 18.99
1291 J1720-2933 260.142156 -29.554511 0.620448 7.46e-16 42.64
2224 J1912+2525 288.077608 25.417256 0.621976 2.25e-16 37.85
2499 J2030+2228 307.668525 22.472729 0.630513 8.85e-16 71.86
1606 J1803-3329 270.935221 -33.486306 0.633412 3.37e-16 170.90
2589 J2207+40 331.75 40.95 0.636985 * 12.00
52 J0058+6125 14.5 61.416667 0.637000 * 129.00
167 J0502+4654 75.519004 46.901692 0.638565 5.58e-15 41.83
2145 J1905-0056 286.365564 -0.94471 0.643181 3.05e-15 229.13
2375 J1939+2449 294.77332 24.715446 0.645302 1.83e-14 142.88
1821 J1832-0827 278.15425 -8.451011 0.647293 6.39e-14 300.87
676 J1332-3032 203.218686 -30.538137 0.650434 5.60e-16 15.10
2134 J1903+2225 285.970625 22.420083 0.651185 4.45e-16 109.20
138 J0417+35 64.429167 35.75 0.654400 * 48.53
254 J0645+80 101.5 80.15 0.657873 * 50.00
1989 J1848-0123 282.09829 -1.399536 0.659432 5.25e-15 159.53
1523 J1753-38 268.25 -38.816667 0.666804 * 168.00
2004 J1849-0317 282.491042 -3.291944 0.668408 2.20e-14 42.90
657 J1321+8323 200.442417 83.394144 0.670037 5.66e-16 13.32
241 J0630-0046 97.612317 -0.768292 0.680575 3.75e-15 97.30
295 J0758-1528 119.621128 -15.469094 0.682265 1.62e-15 63.33
2604 J2225+6535 336.469671 65.593217 0.682542 9.66e-15 36.44
1506 J1750-3503 267.685421 -35.052472 0.684014 3.81e-17 189.35
1826 J1833-0338 278.424644 -3.651203 0.686704 4.16e-14 234.54
136 J0413+58 63.25 58.0 0.687000 * 57.00
1226 J1708-3426 257.240785 -34.445594 0.692113 4.20e-15 190.70
2565 J2138+4911 324.5 49.183333 0.696000 * 168.00
2453 J2002+3217 300.518436 32.28842 0.696761 1.05e-13 142.21
1089 J1638-3815 249.655621 -38.250944 0.698261 7.70e-17 238.00
1432 J1745-3812 266.31425 -38.202028 0.698353 2.43e-15 160.80
900 J1543-0620 235.875658 -6.345903 0.709064 8.80e-16 18.38
114 J0332+5434 53.247367 54.578769 0.714520 2.05e-15 26.76
2418 J1948+3540 297.104195 35.669738 0.717311 7.06e-15 129.37
1060 J1632-1013 248.225833 -10.221667 0.717637 6.60e-17 89.90
71 J0136+63 24.0 63.7 0.717895 * 286.00
2450 J2001+42 300.5 42.716667 0.719161 * 55.00
1129 J1648-3256 252.025292 -32.944667 0.719455 3.53e-15 128.28
2125 J1903+0135 285.874928 1.593992 0.729306 4.03e-15 245.17
1016 J1622-3751 245.519083 -37.853861 0.731463 2.57e-15 153.80
811 J1509+5531 227.356791 55.525665 0.739682 5.00e-15 19.62
1641 J1809-0119 272.464 -1.324722 0.744976 2.29e-15 140.00
134 J0408+552 62.0 55.0 0.754000 * 64.00
2651 J2333+6145 353.331033 61.758358 0.756899 1.18e-15 125.00
1741 J1823-0154 275.967275 -1.90127 0.759777 1.13e-15 135.87
305 J0818-3049 124.705417 -30.825278 0.763742 5.80e-16 133.70
1378 J1738-3211 264.725772 -32.198235 0.768499 7.95e-16 49.59
1780 J1825-0935 276.377621 -9.589528 0.769006 5.25e-14 19.38
956 J1603-2712 240.783597 -27.224337 0.778313 3.01e-15 46.20
1778 J1825+0004 276.313852 0.072139 0.778949 8.76e-16 56.62
1358 J1735-0243 263.950417 -2.73 0.782887 6.32e-16 55.40
1571 J1800-0125 270.092 -1.425167 0.783185 1.15e-14 50.00
2282 J1920+2650 290.159894 26.844 0.785522 3.44e-17 27.71
1 J1902-1039 285.578177751 -10.6624387752 0.78677 * 91 htru_mhlt
1165 J1654-2713 253.598448 -27.217102 0.791822 1.68e-16 92.31
2624 J2253+1516 343.310554 15.277175 0.792236 6.65e-17 29.20
487 J1110+58 167.75 58.866667 0.793348 * 26.00
1666 J1812+0226 273.221616 2.449201 0.793903 3.60e-15 104.14
1 J1921-05 290.32916666666665 -5.105833333333333 0.79427 * 100.0 superb
833 J1518-0627 229.746293 -6.452139 0.794997 4.18e-16 27.96
1 J1530-26 232.39583333333331 -26.17388888888889 0.7986 * 38.0 superb
2270 J1918-1052 289.701029 -10.87955 0.798693 8.65e-16 62.73
2637 J2316+69 349.25 69.2 0.813386 * 71.00
2329 J1929+3817 292.279225 38.299306 0.814215 6.10e-16 93.40
2533 J2055+2209 313.913133 22.15756 0.815181 1.34e-15 36.35
1297 J1721+35 260.4875 35.4 0.821900 * 22.00
2225 J1913-0440 288.475723 -4.679911 0.825936 4.07e-15 89.39
1631 J1807-2715 271.785396 -27.250823 0.827776 1.22e-14 312.98
83 J0152-1637 28.045223 -16.631386 0.832742 1.30e-15 11.93
46 J0053+69 13.25 69.65 0.832938 * 117.00
1354 J1734-0212 263.690254 -2.210854 0.839394 4.21e-16 65.05
2386 J1941+43 295.5 43.383333 0.840887 * 79.00
2605 J2227+30 336.875 30.6 0.842408 * 19.00
385 J0947+2740 146.838696 27.67875 0.851014 4.30e-16 29.09
2240 J1913+3732 288.366196 37.53675 0.851079 1.38e-15 72.33
2621 J2243+69 341.0 69.666667 0.855405 * 68.00
1650 J1809-3547 272.362417 -35.788333 0.860388 1.20e-16 193.84
1977 J1846-07492 281.533329 -7.820333 0.861380 5.19e-15 192.00
313 J0823+0159 125.7907 1.986781 0.864873 1.05e-16 23.73
300 J0808-3937 122.048458 -39.631361 0.866349 4.01e-16 165.00
494 J1116-2444 169.096917 -24.748917 0.867949 9.85e-16 29.80
2645 J2325-0530 351.31375 -5.510833 0.868735 1.03e-15 14.97
1346 J1733-2228 263.360157 -22.477009 0.871683 4.27e-17 41.14
1290 J1720-2446 260.093583 -24.774167 0.874265 5.93e-16 103.00
1633 J1808-0813 272.039302 -8.217166 0.876044 1.24e-15 151.27
1 J1126-38 171.58749999999998 -38.64361111111111 0.87762 * 51.0 superb
1935 J1843-0000 280.866508 -0.011361 0.880330 7.79e-15 101.50
2132 J1903-0848 285.796963 -8.815944 0.887325 1.33e-15 66.99
514 J1126-38 171.575 -38.633333 0.887550 * 46.00
1401 J1741-2733 265.255583 -27.564167 0.892959 1.48e-16 149.20
2454 J2002+4050 300.68346 40.848307 0.905067 1.74e-15 131.49
36 J0033+61 8.25 61.0 0.912000 * 37.00
1155 J1652+2651 253.012792 26.861222 0.915803 6.54e-16 40.80
1575 J1801-0357 270.344418 -3.965285 0.921491 3.31e-15 120.37
146 J0426+4933 66.528387 49.560683 0.922475 3.93e-14 85.00
984 J1612-2408 243.108583 -24.134444 0.923834 1.57e-15 49.00
257 J0652-0142 103.046275 -1.708417 0.924054 1.52e-16 116.30
1656 J1811-0154 272.832833 -1.908583 0.924945 1.61e-15 148.10
1680 J1813+4013 273.305338 40.227509 0.931089 2.55e-15 41.56
2590 J2208+5500 332.098833 55.002336 0.933161 6.99e-15 101.03
2587 J2205+1444 331.321863 14.742028 0.938014 9.00e-16 36.72
38 J0034-0721 8.53696 -7.364836 0.942951 4.08e-16 10.92
2659 J2354+6155 358.519683 61.929664 0.944784 1.63e-14 94.66
1558 J1758+3030 269.607833 30.506667 0.947256 7.20e-16 35.07
779 J1439+76 219.75 76.916667 0.947903 * 22.29
2006 J1849-0614 282.438154 -6.242083 0.953384 5.39e-14 119.60
1242 J1710-2616 257.520417 -26.276389 0.954158 2.00e-17 111.00
2420 J1949-2524 297.355894 -25.400273 0.957617 3.27e-15 23.07
2408 J1946-2913 296.715558 -29.22975 0.959448 1.49e-15 44.31
187 J0533+0402 83.357583 4.033472 0.963018 1.60e-16 83.70
2390 J1943-1237 295.856172 -12.628449 0.972429 1.66e-15 28.92
269 J0719-2545 109.78075 -25.750064 0.974725 7.28e-15 253.89
934 J1555-0515 238.917071 -5.265944 0.975410 2.05e-15 23.46
2187 J1909+0254 287.409627 2.914076 0.989831 5.53e-15 171.73
1959 J1844-0433 281.139385 -4.553448 0.991027 3.91e-15 123.16
53 J0059+50 14.75 50.033333 0.996009 * 67.00
1 J1505-25 226.41666666666666 -25.38111111111111 0.99909 * 41.0 superb
2592 J2212+2933 333.097285 29.551581 1.004593 4.95e-16 74.52
1 J0343+06 55.98976291666666 6.59041825 1.00764 * 46.3 aodrift
2658 J2353+85 358.5 85.566667 1.011691 * 38.00
1681 J1814-0521 273.608875 -5.360278 1.014219 8.84e-16 130.00
2546 J2113+4644 318.351367 46.735783 1.014685 7.15e-16 141.26
1133 J1649+2533 252.434292 25.551944 1.015257 5.59e-16 34.46
1407 J1742-3957 265.518458 -39.956111 1.016349 8.16e-17 186.00
2186 J1909+0007 287.396907 0.132714 1.016948 5.52e-15 112.79
655 J1320+67 200.0 67.5 1.028620 * 28.00
2581 J2155-3118 328.806711 -31.315189 1.030002 1.24e-15 14.85
234 J0624-0424 96.083451 -4.414015 1.039076 8.30e-16 70.83
227 J0614+83 93.5 83.233333 1.039203 * 44.00
1424 J1745-0129 266.258583 -1.488361 1.045407 6.31e-16 90.10
2397 J1945-0040 296.368322 -0.682798 1.045632 5.35e-16 59.71
2598 J2217+5733 334.479292 57.551111 1.056844 6.51e-16 162.75
1 J1740+27 265.24583333333334 27.315833333333334 1.058 * 35.5 lofar
1434 J1746+2540 266.528625 25.677083 1.058148 1.05e-15 51.20
2631 J2305+4707 346.482675 47.129256 1.066371 5.69e-16 62.07
62 J0108+6905 17.122933 69.097952 1.071118 4.81e-17 61.06
309 J0820-3921 125.204625 -39.365472 1.073567 1.22e-14 179.40
215 J0608+00 92.204167 0.65 1.076200 * 48.00
2294 J1922+2110 290.723049 21.178324 1.077924 8.18e-15 217.09
1570 J1759-3107 269.8419 -31.122639 1.078953 3.77e-15 128.60
2011 J1850+0026 282.6881 0.440444 1.081844 3.59e-16 201.40
1587 J1801-2920 270.44515 -29.344048 1.081908 3.29e-15 125.61
2567 J2139+2242 324.862083 22.711667 1.083514 1.42e-15 44.16
1105 J1641-2347 250.325167 -23.793333 1.091008 4.11e-17 27.70
745 J1418-3921 214.709513 -39.355142 1.096806 8.89e-16 60.49
2495 J2027+4557 306.817638 45.965856 1.099651 3.09e-16 229.59
332 J0846-3533 131.525252 -35.561292 1.116097 1.60e-15 94.16
40 J0040+5716 10.134844 57.273587 1.118225 2.88e-15 92.51
863 J1532+2745 233.043185 27.763721 1.124836 7.80e-16 14.69
165 J0459-0210 74.966422 -2.168509 1.133076 1.40e-15 21.02
208 J0555+3948 88.75 39.8 1.146906 * 37.00
433 J1034-3224 158.581296 -32.407217 1.150590 2.30e-16 50.75
2657 J2352+65 358.0 65.0 1.164000 * 152.00
2322 J1929+00 292.366667 0.433333 1.166900 * 33.00
2293 J1922+2018 290.533362 20.299255 1.172763 6.49e-16 203.31
292 J0750+57 117.5 57.0 1.174875 * 27.00
2656 J2346-0609 356.710225 -6.166525 1.181463 1.36e-15 22.50
2536 J2102+38 315.5 38.0 1.190000 * 85.00
2545 J2113+2754 318.26829 27.900636 1.202852 2.62e-15 25.11
2629 J2302+6028 345.546667 60.466728 1.206404 2.04e-15 156.70
1204 J1703-3241 255.84392 -32.696676 1.211785 6.60e-16 110.31
259 J0653+8051 103.312875 80.866728 1.214441 3.80e-15 33.32
2498 J2029+3744 307.349469 37.735601 1.216805 1.23e-14 190.66
43 J0048+3412 12.141603 34.202231 1.217094 2.35e-15 39.92
1885 J1838-1046 279.610333 -10.7825 1.218354 3.08e-15 208.00
76 J0141+6009 25.416409 60.158973 1.222949 3.91e-16 34.93
260 J0656-2228 104.125862 -22.473764 1.224754 2.67e-17 32.39
2563 J2136-1606 324.000917 -16.103611 1.227235 1.60e-17 18.48
1 J1941+0237 295.141134668 2.61470131824 1.23234 * 82.7 htru_mhlt
2177 J1907+4002 286.8944 40.034919 1.235757 5.41e-16 30.97
307 J0820-1350 125.109924 -13.84885 1.238130 2.11e-15 40.94
5 J0014+4746 3.573958 47.775944 1.240699 5.64e-16 30.41
243 J0630-2834 97.705852 -28.57855 1.244419 7.12e-15 34.42
1 J1917-30 289.1583333333333 -29.634999999999998 1.24848 * 38.0 superb
1730 J1821+41 275.5 41.75 1.261787 * 40.00
337 J0855-3331 133.910056 -33.527584 1.267536 6.32e-15 86.64
2274 J1919+0021 289.961096 0.361056 1.272260 7.67e-15 90.31
1610 J1804-28 271.2 -28.116667 1.273011 * 203.50
323 J0837+0610 129.273508 6.170711 1.273768 6.80e-15 12.86
1025 J1623-0908 245.823652 -9.147003 1.276446 2.58e-15 68.18
2506 J2033-1938 308.480833 -19.649722 1.281719 4.55e-16 23.47
61 J0108+6608 17.094364 66.14277 1.283660 1.31e-14 30.55
303 J0814+7429 123.747917 74.484917 1.292241 1.68e-16 5.75
1322 J1727-2739 261.879125 -27.650139 1.293100 1.10e-15 147.00
1 J2123+36 320.8791666666666 36.42527777777777 1.294 * 108.4 lofar
874 J1536-3602 234.072425 -36.049667 1.319759 7.90e-16 96.00
2430 J1953+2732 298.2825 27.546722 1.333965 1.77e-15 195.40
2404 J1946+2244 296.603708 22.749833 1.334450 8.89e-16 140.00
2602 J2222+5602 335.5 56.0 1.336000 * 168.00
2289 J1921+2153 290.436729 21.883958 1.337302 1.35e-15 12.44
2579 J2154-2812 328.572375 -28.211389 1.343361 6.13e-16 32.10
88 J0201+7005 30.422267 70.088364 1.349184 5.51e-15 21.03
1 J2202+21 330.625 21.656299999999998 1.35727 * 17.9 aodrift
1181 J1700-3312 255.220755 -33.212917 1.358307 4.71e-15 166.97
2507 J2036+2835 309.193179 28.586233 1.358727 2.09e-15 84.22
2612 J2234+2114 338.736 21.238556 1.358745 2.22e-16 35.08
1402 J1741+2758 265.472958 27.969167 1.360738 1.84e-15 29.14
112 J0325+67 51.5 67.816667 1.364741 * 65.00
388 J0952-3839 148.071667 -38.652833 1.373815 5.80e-16 167.00
593 J1239+2453 189.918589 24.897025 1.382449 9.60e-16 9.25
1 J2347+02 356.99199999999996 2.86894 1.38347 * 15.9 aodrift
441 J1041-1942 160.400817 -19.703781 1.386368 9.45e-16 33.78
2437 J1954+43 298.75 43.833333 1.386961 * 130.00
2517 J2044+4614 311.245 46.248333 1.392715 6.30e-16 315.40
2085 J1859+76 284.75 76.9 1.393617 * 47.00
2019 J1851-0053 282.763208 -0.885361 1.409065 8.74e-16 24.00
2540 J2108-3429 317.127042 -34.493861 1.423102 3.50e-15 30.22
1 J1900-0928 285.059718189 -9.46575056246 1.424005 * 164 htru_mhlt
2512 J2038+5319 309.513199 53.320228 1.424568 9.44e-16 160.20
2317 J1927+2234 291.783667 22.582583 1.431066 7.71e-16 180.00
2646 J2325+6316 351.305534 63.281194 1.436310 2.83e-15 197.37
294 J0754+3231 118.669533 32.532278 1.442349 1.08e-15 39.99
2639 J2317+2149 349.490952 21.830009 1.444653 1.05e-15 20.87
2007 J1849-0636 282.276815 -6.618585 1.451319 4.62e-14 148.17
2330 J1929+62 292.25 62.266667 1.456004 * 67.70
81 J0151-0635 27.844588 -6.584111 1.464665 4.43e-16 25.66
98 J0231+7026 37.808322 70.442745 1.466820 3.11e-15 46.68
101 J0243+6027 40.75 60.45 1.473000 * 141.00
1220 J1706+59 256.75 59.166667 1.476687 * 31.00
1182 J1700-3611 255.2055 -36.198056 1.494091 4.32e-15 232.70
1 J1524-33 230.8833333333333 -32.54666666666667 1.5048 * 80.0 superb
1764 J1824-2328 276.119333 -23.471389 1.505875 1.74e-15 185.00
2584 J2157+4017 329.257706 40.296107 1.525266 3.43e-15 71.12
355 J0912-3851 138.177917 -38.850833 1.526085 3.59e-15 71.50
2520 J2046-0421 311.500654 -4.357222 1.546938 1.47e-15 35.80
358 J0921+6254 140.308897 62.903864 1.567994 3.61e-15 13.15
2630 J2305+3100 346.493017 31.000489 1.575886 2.89e-15 49.58
911 J1547-0944 236.941908 -9.7355 1.576925 2.94e-15 37.42
2511 J2038-3816 309.725792 -38.269972 1.577286 4.13e-15 33.96
1128 J1647+66 252.0 66.066667 1.599819 * 23.00
336 J0849+8028 132.256282 80.48309 1.602228 4.46e-16 34.81
2580 J2155+2813 328.815917 28.220028 1.609020 9.16e-16 77.13
1 J1654-2636 253.66398786 -26.6052577392 1.62373 * 129.2 htru_mhlt
2650 J2330-2005 352.612021 -20.091564 1.643622 4.63e-15 8.46
1912 J1840+5640 280.185867 56.682075 1.652862 1.49e-15 26.77
492 J1115+5030 168.91 50.503414 1.656440 2.49e-15 9.19
2367 J1937+2950 294.448346 29.833833 1.657429 3.48e-15 113.99
2619 J2242+6950 340.735027 69.847817 1.664501 4.82e-15 40.86
57 J0102+6537 15.637326 65.620388 1.679164 5.95e-15 65.85
1419 J1744-2335 266.201958 -23.598611 1.683507 8.33e-16 96.66
1154 J1652-2404 253.243873 -24.06413 1.703739 3.16e-15 68.41
67 J0125+62 21.5 62.583333 1.708233 * 118.00
1 J2006+22 301.5541666666667 22.15 1.741 * 130.4 lofar
2564 J2137+64 324.25 64.316667 1.750870 * 106.00
118 J0338+66 54.75 66.733333 1.762000 * 67.00
74 J0139+5621 24.910667 56.360222 1.775344 7.91e-14 101.84
1 J2210+21 332.61249999999995 21.300555555555555 1.776 * 46.3 lofar
2113 J1901-0906 285.470896 -9.103002 1.781928 1.64e-15 72.68
276 J0733-2345 113.3525 -23.765611 1.796250 5.70e-15 194.00
2655 J2343+6221 355.75 62.35 1.799000 * 117.00
419 J1018-1642 154.66819 -16.702816 1.804695 1.74e-15 48.82
368 J0930-2301 142.51175 -23.029167 1.807069 3.36e-15 78.30
85 J0156+3949 29.230192 39.824592 1.811561 1.52e-16 59.83
316 J0828-3417 127.069273 -34.285291 1.848919 9.96e-16 52.20
2379 J1940-2403 295.125 -24.05 1.855276 * 63.30
1739 J1822-2256 275.745642 -22.941836 1.874269 1.35e-15 121.20
135 J0410-31 62.6625 -31.124722 1.878500 * 9.20
163 J0458-0505 74.654671 -5.08475 1.883480 5.30e-16 47.81
120 J0341+5711 55.25 57.183333 1.888000 * 100.00
2609 J2229+64 337.25 64.966667 1.893120 * 194.00
370 J0932-3217 143.163125 -32.287278 1.931627 2.50e-16 102.10
122 J0343+5312 55.803785 53.214841 1.934478 1.34e-14 67.30
2525 J2048-1616 312.148503 -16.279043 1.961572 1.10e-14 11.46
1396 J1741-0840 265.343982 -8.675506 2.043082 2.27e-15 74.90
2591 J2210+57 332.75 57.483333 2.057430 * 189.43
366 J0928+06 142.183333 6.233333 2.060400 * 50.00
2508 J2037+1942 309.310583 19.715083 2.074377 2.04e-15 36.89
2456 J2004+3137 301.21786 31.619448 2.111265 7.46e-14 234.82
49 J0055+5117 13.939076 51.29027 2.115171 9.54e-15 44.01
306 J0818-3232 124.608063 -32.541814 2.161259 7.53e-16 131.80
144 J0421-0345 65.389817 -3.751836 2.161308 1.16e-15 44.61
296 J0804-3647 121.0925 -36.793194 2.191987 4.21e-15 196.00
381 J0943+41 145.75 41.15 2.229489 * 21.00
2223 J1912+2104 288.180644 21.076051 2.232969 1.02e-14 88.60
2641 J2321+6024 350.480058 60.408532 2.256488 7.04e-15 94.59
2458 J2005-0020 301.43229 -0.339429 2.279661 2.57e-14 35.93
2478 J2015+2524 303.802917 25.408694 2.303299 5.10e-16 13.00
86 J0157+6212 29.458061 62.207195 2.351745 1.89e-13 30.21
1783 J1825-31 276.491667 -31.038889 2.382000 * 120.00
1528 J1754+5201 268.595536 52.020071 2.391397 1.56e-15 35.01
1413 J1743-3150 265.902857 -31.83936 2.414576 1.21e-13 193.05
850 J1527-3931 231.995542 -39.526389 2.417582 1.91e-14 49.00
1000 J1615-2940 243.970146 -29.671042 2.477568 1.58e-15 44.79
1755 J1824-0127 276.222625 -1.464278 2.499468 3.91e-15 58.00
1559 J1759-1029 269.892917 -10.499167 2.512263 1.57e-14 110.00
406 J1012-2337 153.140527 -23.639561 2.517945 8.81e-16 22.51
121 J0343-3000 55.866417 -30.007639 2.597027 5.70e-17 20.20
1362 J1736-2457 264.189333 -24.963889 2.642223 3.43e-15 170.00
110 J0323+3944 50.860908 39.748028 3.032072 6.36e-16 26.19
2616 J2238+6021 339.5 60.35 3.070000 * 182.00
1 J2000+29 300.06614999999994 29.351976722222222 3.0736999999999997 * 136.5 palfa
1925 J1842+0257 280.628875 2.966333 3.088256 2.96e-14 148.10
273 J0726-2612 111.533833 -26.210583 3.442308 2.93e-13 69.40
1433 J1746+2245 266.5035 22.758028 3.465038 4.92e-15 49.85
475 J1101+65 165.5 65.116667 3.631320 * 19.00
2073 J1857-1027 284.360208 -10.450278 3.687219 1.05e-14 108.90
2542 J2111+2106 317.888042 21.101944 3.953853 3.24e-15 59.30
64 J0112+66 18.0 66.366667 4.301240 * 112.00
2504 J2033+0042 308.379625 0.706111 5.013398 1.01e-14 37.84
1908 J1840-0840 280.21625 -8.674722 5.309377 2.37e-14 272.00
282 J0737+69 114.25 69.233333 6.824240 * 16.00
2572 J2144-3933 326.050252 -39.565801 8.509827 4.96e-16 3.35
