1     J0014+4746        3.573958     47.775944   1.240699  5.64e-16       30.41  
2     J0033+61          8.250000     61.000000   0.912000         *       37.00  
3     J0034-0721        8.536960     -7.364836   0.942951  4.08e-16       10.92  
4     J0040+5716       10.134844     57.273587   1.118225  2.88e-15       92.51  
5     J0048+3412       12.141603     34.202231   1.217094  2.35e-15       39.92  
6     J0053+69         13.250000     69.650000   0.832938         *      117.00  
7     J0055+5117       13.939076     51.290270   2.115171  9.54e-15       44.01  
8     J0056+4756       14.106303     47.936263   0.472037  3.33e-15       18.14  
9     J0058+6125       14.500000     61.416667   0.637000         *      129.00  
10    J0102+6537       15.637326     65.620388   1.679164  5.95e-15       65.85  
11    J0103+54         15.904167     54.033333   0.354304         *       55.60  
12    J0108+6905       17.122933     69.097952   1.071118  4.81e-17       61.06  
13    J0112+66         18.000000     66.366667   4.301240         *      112.00  
14    J0139+5814       24.832250     58.242172   0.272451  1.07e-14       73.81  
15    J0141+6009       25.416409     60.158973   1.222949  3.91e-16       34.93  
16    J0151-0635       27.844588     -6.584111   1.464665  4.43e-16       25.66  
17    J0201+7005       30.422267     70.088364   1.349184  5.51e-15       21.03  
18    J0215+6218       33.985945     62.309270   0.548880  6.62e-16       84.00  
19    J0242+62         40.645833     62.947222   0.592000         *        4.00  
20    J0243+6027       40.750000     60.450000   1.473000         *      141.00  
21    J0324+5239       51.231083     52.658694   0.336620  3.81e-16      115.46  
22    J0325+67         51.500000     67.816667   1.364741         *       65.00  
23    J0332+5434       53.247367     54.578769   0.714520  2.05e-15       26.76  
24    J0335+4555       53.819363     45.931521   0.269201  7.35e-18       47.15  
25    J0338+66         54.750000     66.733333   1.762000         *       67.00  
26    J0343+5312       55.803785     53.214841   1.934478  1.34e-14       67.30  
27    J0358+42         59.500000     42.100000   0.226478         *       46.00  
28    J0358+5413       59.723849     54.220496   0.156384  4.39e-15       57.14  
29    J0406+6138       61.625342     61.644733   0.594576  5.57e-15       65.41  
30    J0410-31         62.662500    -31.124722   1.878500         *        9.20  
31    J0448-2749       72.173198    -27.829649   0.450448  1.48e-16       26.22  
32    J0452-1759       73.142107    -17.989825   0.548939  5.75e-15       39.90  
33    J0454+5543       73.532294     55.728177   0.340729  2.37e-15       14.59  
34    J0458-0505       74.654671     -5.084750   1.883480  5.30e-16       47.81  
35    J0533+0402       83.357583      4.033472   0.963018  1.60e-16       83.70  
36    J0540+3207       85.154650     32.127028   0.524271  4.48e-16       61.97  
37    J0555+3948       88.750000     39.800000   1.146906         *       37.00  
38    J0601-0527       90.495759     -5.464044   0.395969  1.30e-15       80.54  
39    J0608+00         92.204167      0.650000   1.076200         *       48.00  
40    J0610-2100       92.556648    -21.007759   0.003861  1.24e-20       60.67  
41    J0611+1436       92.827704     14.614444   0.270329  4.00e-15       45.70  
42    J0614+83         93.500000     83.233333   1.039203         *       44.00  
43    J0624-0424       96.083451     -4.414015   1.039076  8.30e-16       70.83  
44    J0627+0706       96.934237      7.103528   0.475874  2.98e-14      138.25  
45    J0652-0142      103.046275     -1.708417   0.924054  1.52e-16      116.30  
46    J0653+8051      103.312875     80.866728   1.214441  3.80e-15       33.32  
47    J0656-2228      104.125862    -22.473764   1.224754  2.67e-17       32.39  
48    J0659+1414      104.950558     14.239306   0.384891  5.50e-14       13.94  
49    J0719-2545      109.780750    -25.750064   0.974725  7.28e-15      253.89  
50    J0729-1448      112.318542    -14.810222   0.251659  1.13e-13       91.70  
51    J0729-1836      112.384798    -18.611875   0.510160  1.90e-14       61.29  
52    J0733-2345      113.352500    -23.765611   1.796250  5.70e-15      194.00  
53    J0737-2202      114.433629    -22.034811   0.320366  5.47e-15       95.70  
54    J0737+69        114.250000     69.233333   6.824240         *       16.00  
55    J0746+66        116.500000     66.600000   0.407670         *       28.00  
56    J0750+57        117.500000     57.000000   1.174875         *       27.00  
57    J0754+3231      118.669533     32.532278   1.442349  1.08e-15       39.99  
58    J0804-3647      121.092500    -36.793194   2.191987  4.21e-15      196.00  
59    J0818-3049      124.705417    -30.825278   0.763742  5.80e-16      133.70  
60    J0818-3232      124.608063    -32.541814   2.161259  7.53e-16      131.80  
61    J0820-3921      125.204625    -39.365472   1.073567  1.22e-14      179.40  
62    J0828-3417      127.069273    -34.285291   1.848919  9.96e-16       52.20  
63    J0838-2621      129.578338    -26.358208   0.308581  3.90e-17      116.90  
64    J0846-3533      131.525252    -35.561292   1.116097  1.60e-15       94.16  
65    J0855-3331      133.910056    -33.527584   1.267536  6.32e-15       86.64  
66    J0908-1739      137.159092    -17.660464   0.401626  6.69e-16       15.88  
67    J0921+6254      140.308897     62.903864   1.567994  3.61e-15       13.15  
68    J0930-2301      142.511750    -23.029167   1.807069  3.36e-15       78.30  
69    J0943+41        145.750000     41.150000   2.229489         *       21.00  
70    J0947+2740      146.838696     27.678750   0.851014  4.30e-16       29.09  
71    J0952-3839      148.071667    -38.652833   1.373815  5.80e-16      167.00  
72    J1012-2337      153.140527    -23.639561   2.517945  8.81e-16       22.51  
73    J1034-3224      158.581296    -32.407217   1.150590  2.30e-16       50.75  
74    J1041-1942      160.400817    -19.703781   1.386368  9.45e-16       33.78  
75    J1101+65        165.500000     65.116667   3.631320         *       19.00  
76    J1110+58        167.750000     58.866667   0.793348         *       26.00  
77    J1115+5030      168.910000     50.503414   1.656440  2.49e-15        9.19  
78    J1126-27        171.500000    -27.616667   0.358161         *       26.86  
79    J1141-3107      175.356787    -31.131278   0.538432  1.96e-15       30.77  
80    J1141-3322      175.428173    -33.377059   0.291468  4.63e-16       46.45  
81    J1234-3630      188.550000    -36.511417   0.569242  8.66e-16       58.80  
82    J1239+2453      189.918589     24.897025   1.382449  9.60e-16        9.25  
83    J1257-1027      194.269873    -10.451602   0.617308  3.63e-16       29.63  
84    J1320-3512      200.052833    -35.207222   0.458488  1.90e-18       16.42  
85    J1320+67        200.000000     67.500000   1.028620         *       28.00  
86    J1332-3032      203.218686    -30.538137   0.650434  5.60e-16       15.10  
87    J1335-3642      203.900000    -36.700000   0.399192         *       41.70  
88    J1336-2522      204.086833    -25.367111   0.478145  3.31e-16       37.50  
89    J1439+76        219.750000     76.916667   0.947903         *       22.29  
90    J1527-3931      231.995542    -39.526389   2.417582  1.91e-14       49.00  
91    J1532+2745      233.043185     27.763721   1.124836  7.80e-16       14.69  
92    J1536-3602      234.072425    -36.049667   1.319759  7.90e-16       96.00  
93    J1547-0944      236.941908     -9.735500   1.576925  2.94e-15       37.42  
94    J1555-0515      238.917071     -5.265944   0.975410  2.05e-15       23.46  
95    J1555-3134      238.824800    -31.572250   0.518110  6.22e-17       73.05  
96    J1603-2531      240.770389    -25.529819   0.283070  1.59e-15       53.76  
97    J1603-2712      240.783597    -27.224337   0.778313  3.01e-15       46.20  
98    J1607-0032      241.800431     -0.544675   0.421816  3.06e-16       10.68  
99    J1612-2408      243.108583    -24.134444   0.923834  1.57e-15       49.00  
100   J1615-2940      243.970146    -29.671042   2.477568  1.58e-15       44.79  
101   J1641-2347      250.325167    -23.793333   1.091008  4.11e-17       27.70  
102   J1647+66        252.000000     66.066667   1.599819         *       23.00  
103   J1649+2533      252.434292     25.551944   1.015257  5.59e-16       34.46  
104   J1652-2404      253.243873    -24.064130   1.703739  3.16e-15       68.41  
105   J1652+2651      253.012792     26.861222   0.915803  6.54e-16       40.80  
106   J1655-3048      253.852208    -30.811667   0.542936  3.66e-17      154.30  
107   J1700-3312      255.220755    -33.212917   1.358307  4.71e-15      166.97  
108   J1700-3611      255.205500    -36.198056   1.494091  4.32e-15      232.70  
109   J1701-3006F     255.303426    -30.114394   0.002295  2.22e-19      113.29  
110   J1701-3130      255.431304    -31.510194   0.291341  5.60e-17      130.73  
111   J1708-3426      257.240785    -34.445594   0.692113  4.20e-15      190.70  
112   J1710-2616      257.520417    -26.276389   0.954158  2.00e-17      111.00  
113   J1710+49        257.620833     49.333333   0.003220         *        7.09  
114   J1720-0212      260.238621     -2.206639   0.477715  8.28e-17       66.98  
115   J1720-2446      260.093583    -24.774167   0.874265  5.93e-16      103.00  
116   J1725-0732      261.301171     -7.549778   0.239919  4.30e-16       58.91  
117   J1727-2739      261.879125    -27.650139   1.293100  1.10e-15      147.00  
118   J1729-2117      262.295033    -21.291111   0.066293  1.72e-19       34.49  
119   J1733-2228      263.360157    -22.477009   0.871683  4.27e-17       41.14  
120   J1735-0243      263.950417     -2.730000   0.782887  6.32e-16       55.40  
121   J1735-0724      263.770715     -7.414581   0.419335  1.21e-15       73.51  
122   J1736-2457      264.189333    -24.963889   2.642223  3.43e-15      170.00  
123   J1738-3211      264.725772    -32.198235   0.768499  7.95e-16       49.59  
124   J1741-2733      265.255583    -27.564167   0.892959  1.48e-16      149.20  
125   J1741+2758      265.472958     27.969167   1.360738  1.84e-15       29.14  
126   J1743-0339      265.784105     -3.653189   0.444645  1.56e-15       30.26  
127   J1744-2335      266.201958    -23.598611   1.683507  8.33e-16       96.66  
128   J1745-0129      266.258583     -1.488361   1.045407  6.31e-16       90.10  
129   J1745-3040      266.484636    -30.673108   0.367432  1.07e-14       88.37  
130   J1746+2245      266.503500     22.758028   3.465038  4.92e-15       49.85  
131   J1746+2540      266.528625     25.677083   1.058148  1.05e-15       51.20  
132   J1752+2359      268.147583     23.996722   0.409051  6.43e-16       36.20  
133   J1753-38        268.250000    -38.816667   0.666804         *      168.00  
134   J1758+3030      269.607833     30.506667   0.947256  7.20e-16       35.07  
135   J1759-3107      269.841900    -31.122639   1.078953  3.77e-15      128.60  
136   J1800+50        270.250000     50.466667   0.578364         *       23.00  
137   J1801-0357      270.344418     -3.965285   0.921491  3.31e-15      120.37  
138   J1801-2920      270.445150    -29.344048   1.081908  3.29e-15      125.61  
139   J1804-28        271.200000    -28.116667   1.273011         *      203.50  
140   J1805+0306      271.292311      3.108409   0.218712  9.99e-16       80.86  
141   J1808-0813      272.039302     -8.217166   0.876044  1.24e-15      151.27  
142   J1808-3249      272.018667    -32.826111   0.364912  7.05e-15      147.37  
143   J1809-0119      272.464000     -1.324722   0.744976  2.29e-15      140.00  
144   J1811-0154      272.832833     -1.908583   0.924945  1.61e-15      148.10  
145   J1816-2650      274.147510    -26.831526   0.592885  6.64e-17      128.12  
146   J1817-3618      274.274071    -36.301111   0.387017  2.05e-15       94.30  
147   J1820-0509      275.094700     -5.160694   0.337321  9.32e-16      104.00  
148   J1821+41        275.500000     41.750000   1.261787         *       40.00  
149   J1822-2256      275.745642    -22.941836   1.874269  1.35e-15      121.20  
150   J1823-0154      275.967275     -1.901270   0.759777  1.13e-15      135.87  
151   J1823-3021B     275.923106    -30.361372   0.378596  2.99e-17       87.01  
152   J1824-0127      276.222625     -1.464278   2.499468  3.91e-15       58.00  
153   J1824-2328      276.119333    -23.471389   1.505875  1.74e-15      185.00  
154   J1829+0000      277.446417      0.002361   0.199147  5.25e-16      114.00  
155   J1834-0426      278.606678     -4.437733   0.290108  7.19e-17       79.31  
156   J1840+5640      280.185867     56.682075   1.652862  1.49e-15       26.77  
157   J1842+0257      280.628875      2.966333   3.088256  2.96e-14      148.10  
158   J1844-0433      281.139385     -4.553448   0.991027  3.91e-15      123.16  
159   J1845-0743      281.488250     -7.727333   0.104695  3.67e-16      280.93  
160   J1848-0023      282.157875     -0.388056   0.537624  1.61e-15       30.60  
161   J1848-0123      282.098290     -1.399536   0.659432  5.25e-15      159.53  
162   J1849-0317      282.491042     -3.291944   0.668408  2.20e-14       42.90  
163   J1849-0614      282.438154     -6.242083   0.953384  5.39e-14      119.60  
164   J1849-0636      282.276815     -6.618585   1.451319  4.62e-14      148.17  
165   J1851-0053      282.763208     -0.885361   1.409065  8.74e-16       24.00  
166   J1856+0113      284.044382      1.222576   0.267440  2.08e-13       96.74  
167   J1856-0526      284.091571     -5.449111   0.370483  1.70e-15      130.50  
168   J1857-1027      284.360208    -10.450278   3.687219  1.05e-14      108.90  
169   J1859+76        284.750000     76.900000   1.393617         *       47.00  
170   J1900-2600      285.198258    -26.012167   0.612209  2.05e-16       37.99  
171   J1900+30        285.075000     30.883333   0.602227         *       71.84  
172   J1902-10        285.575000    -10.659167   0.786800         *       91.00  
173   J1903+0135      285.874928      1.593992   0.729306  4.03e-15      245.17  
174   J1903-0632      285.908083     -6.539428   0.431887  3.40e-15      195.61  
175   J1904+0004      286.052992      0.068136   0.139525  1.18e-16      233.61  
176   J1905-0056      286.365564     -0.944710   0.643181  3.05e-15      229.13  
177   J1907+4002      286.894400     40.034919   1.235757  5.41e-16       30.97  
178   J1908+2351      287.133083     23.861639   0.377578  1.70e-17      101.69  
179   J1909+0007      287.396907      0.132714   1.016948  5.52e-15      112.79  
180   J1912+2104      288.180644     21.076051   2.232969  1.02e-14       88.60  
181   J1917+2224      289.434283     22.380211   0.425897  2.86e-15      134.75  
182   J1919+0021      289.961096      0.361056   1.272260  7.67e-15       90.31  
183   J1920+2650      290.159894     26.844000   0.785522  3.44e-17       27.71  
184   J1922+2110      290.723049     21.178324   1.077924  8.18e-15      217.09  
185   J1927+2234      291.783667     22.582583   1.431066  7.71e-16      180.00  
186   J1929+62        292.250000     62.266667   1.456004         *       67.70  
187   J1931+30        292.866667     30.583333   0.582126         *       56.00  
188   J1932+2220      293.094758     22.347635   0.144470  5.76e-14      219.20  
189   J1932-3655      293.025625    -36.917250   0.571420  2.84e-16       59.88  
190   J1935+52        293.750000     52.200000   0.568387         *       71.00  
191   J1937+2544      294.255275     25.737132   0.200980  6.43e-16       53.22  
192   J1937+2950      294.448346     29.833833   1.657429  3.48e-15      113.99  
193   J1939+2449      294.773320     24.715446   0.645302  1.83e-14      142.88  
194   J1939+66        295.000000     66.200000   0.022261         *       41.20  
195   J1940-2403      295.125000    -24.050000   1.855276         *       63.30  
196   J1941+0121      295.316829      1.360972   0.217317  1.91e-16       52.70  
197   J1941-2602      295.251696    -26.034931   0.402858  9.56e-16       50.04  
198   J1941+43        295.500000     43.383333   0.840887         *       79.00  
199   J1942+81        295.500000     81.100000   0.203568         *       40.30  
200   J1945-0040      296.368322     -0.682798   1.045632  5.35e-16       59.71  
201   J1946-1312      296.740954    -13.210111   0.491865  1.99e-15       60.00  
202   J1946+2244      296.603708     22.749833   1.334450  8.89e-16      140.00  
203   J1946-2913      296.715558    -29.229750   0.959448  1.49e-15       44.31  
204   J1948+3540      297.104195     35.669738   0.717311  7.06e-15      129.37  
205   J1949-2524      297.355894    -25.400273   0.957617  3.27e-15       23.07  
206   J1953+2732      298.282500     27.546722   1.333965  1.77e-15      195.40  
207   J1954+2923      298.593975     29.388136   0.426677  1.71e-18        7.93  
208   J1954+43        298.750000     43.833333   1.386961         *      130.00  
209   J1955+5059      298.828182     50.998692   0.518938  1.37e-15       31.98  
210   J1957+2831      299.330822     28.528845   0.307683  3.11e-15      138.99  
211   J2002+3217      300.518436     32.288420   0.696761  1.05e-13      142.21  
212   J2002+4050      300.683460     40.848307   0.905067  1.74e-15      131.49  
213   J2005-0020      301.432290     -0.339429   2.279661  2.57e-14       35.93  
214   J2006-0807      301.568196     -8.117199   0.580871  4.60e-17       32.39  
215   J2013+3058      303.392721     30.980747   0.276028  1.52e-16      148.70  
216   J2015+2524      303.802917     25.408694   2.303299  5.10e-16       13.00  
217   J2022+2854      305.654446     28.906418   0.343402  1.89e-15       24.63  
218   J2022+5154      305.707804     51.913954   0.529197  3.06e-15       22.55  
219   J2029+3744      307.349469     37.735601   1.216805  1.23e-14      190.66  
220   J2030+55        307.500000     55.000000   0.579000         *       60.00  
221   J2033+0042      308.379625      0.706111   5.013398  1.01e-14       37.84  
222   J2033-1938      308.480833    -19.649722   1.281719  4.55e-16       23.47  
223   J2037+1942      309.310583     19.715083   2.074377  2.04e-15       36.89  
224   J2037+3621      309.364336     36.356694   0.618715  4.50e-15       93.56  
225   J2048-1616      312.148503    -16.279043   1.961572  1.10e-14       11.46  
226   J2102+38        315.500000     38.000000   1.190000         *       85.00  
227   J2108-3429      317.127042    -34.493861   1.423102  3.50e-15       30.22  
228   J2108+4441      317.085342     44.696908   0.414871  8.62e-17      139.83  
229   J2111+2106      317.888042     21.101944   3.953853  3.24e-15       59.30  
230   J2113+2754      318.268290     27.900636   1.202852  2.62e-15       25.11  
231   J2113+4644      318.351367     46.735783   1.014685  7.15e-16      141.26  
232   J2113+67        318.500000     67.033333   0.552170         *       55.10  
233   J2122+54        320.750000     54.550000   0.138866         *       31.70  
234   J2136-1606      324.000917    -16.103611   1.227235  1.60e-17       18.48  
235   J2137+64        324.250000     64.316667   1.750870         *      106.00  
236   J2139+00        324.925000      0.600000   0.312470         *       36.00  
237   J2139+2242      324.862083     22.711667   1.083514  1.42e-15       44.16  
238   J2144-3933      326.050252    -39.565801   8.509827  4.96e-16        3.35  
239   J2145-0750      326.460252     -7.838469   0.016052  2.98e-20        9.00  
240   J2149+6329      327.494125     63.495417   0.380140  1.68e-16      129.72  
241   J2154-2812      328.572375    -28.211389   1.343361  6.13e-16       32.10  
242   J2155+2813      328.815917     28.220028   1.609020  9.16e-16       77.13  
243   J2157+4017      329.257706     40.296107   1.525266  3.43e-15       71.12  
244   J2208+5500      332.098833     55.002336   0.933161  6.99e-15      101.03  
245   J2210+57        332.750000     57.483333   2.057430         *      189.43  
246   J2212+2933      333.097285     29.551581   1.004593  4.95e-16       74.52  
247   J2217+5733      334.479292     57.551111   1.056844  6.51e-16      162.75  
248   J2219+4754      334.950579     47.914981   0.538469  2.77e-15       43.50  
249   J2222+2923      335.763434     29.399624   0.281399  6.17e-18       49.41  
250   J2222+5602      335.500000     56.000000   1.336000         *      168.00  
251   J2225+6535      336.469671     65.593217   0.682542  9.66e-15       36.44  
252   J2227+30        336.875000     30.600000   0.842408         *       19.00  
253   J2229+6205      337.424312     62.093339   0.443055  2.26e-15      124.64  
254   J2234+2114      338.736000     21.238556   1.358745  2.22e-16       35.08  
255   J2238+6021      339.500000     60.350000   3.070000         *      182.00  
256   J2242+6950      340.735027     69.847817   1.664501  4.82e-15       40.86  
257   J2243+69        341.000000     69.666667   0.855405         *       68.00  
258   J2253+1516      343.310554     15.277175   0.792236  6.65e-17       29.20  
259   J2305+3100      346.493017     31.000489   1.575886  2.89e-15       49.58  
260   J2308+5547      347.057592     55.793342   0.475068  1.99e-16       46.54  
261   J2313+4253      348.285920     42.886956   0.349434  1.12e-16       17.28  
262   J2316+69        349.250000     69.200000   0.813386         *       71.00  
263   J2321+6024      350.480058     60.408532   2.256488  7.04e-15       94.59  
264   J2322+2057      350.593063     20.950744   0.004808  9.66e-21       13.36  
265   J2325-0530      351.313750     -5.510833   0.868735  1.03e-15       14.97  
266   J2325+6316      351.305534     63.281194   1.436310  2.83e-15      197.37  
267   J2326+6113      351.744572     61.226797   0.233652  3.53e-16      122.61  
268   J2330-2005      352.612021    -20.091564   1.643622  4.63e-15        8.46  
269   J2337+6151      354.274008     61.850425   0.495370  1.93e-13       58.41  
270   J2343+6221      355.750000     62.350000   1.799000         *      117.00  
271   J2346-0609      356.710225     -6.166525   1.181463  1.36e-15       22.50  
272   J2353+85        358.500000     85.566667   1.011691         *       38.00  
273   J2354+6155      358.519683     61.929664   0.944784  1.63e-14       94.66  
