86 J0157+6212 29.458061 62.207195 2.351745 1.89e-13 30.21
1 J0301+35 45.32339999999999 35.3369 0.56832 * 57.4 
110 J0323+3944 50.860908 39.748028 3.032072 6.36e-16 26.19
120 J0341+5711 55.25 57.183333 1.888000 * 100.00
121 J0343-3000 55.866417 -30.007639 2.597027 5.70e-17 20.20
144 J0421-0345 65.389817 -3.751836 2.161308 1.16e-15 44.61
222 J0612+3721 93.202861 37.360377 0.297982 5.95e-17 27.15
236 J0627+0649 96.973452 6.831703 0.346523 1.70e-15 86.60
241 J0630-0046 97.612317 -0.768292 0.680575 3.75e-15 97.30
273 J0726-2612 111.533833 -26.210583 3.442308 2.93e-13 69.40
303 J0814+7429 123.747917 74.484917 1.292241 1.68e-16 5.75
313 J0823+0159 125.7907 1.986781 0.864873 1.05e-16 23.73
336 J0849+8028 132.256282 80.48309 1.602228 4.46e-16 34.81
355 J0912-3851 138.177917 -38.850833 1.526085 3.59e-15 71.50
359 J0922+0638 140.558425 6.639806 0.430627 1.37e-14 27.30
366 J0928+06 142.183333 6.233333 2.060400 * 50.00
1 J1120-24 170.04166666666666 -23.6475 0.49701999999999996 * 11.0 
800 J1501-0046 225.437316 -0.7732 0.464037 2.39e-16 22.26
811 J1509+5531 227.356791 55.525665 0.739682 5.00e-15 19.62
1 J1530-26 232.39583333333331 -26.17388888888889 0.7986 * 38.0 
1025 J1623-0908 245.823652 -9.147003 1.276446 2.58e-15 68.18
1 J1654-2636 253.66398786 -26.6052577392 1.62373 * 129.2 
1204 J1703-3241 255.84392 -32.696676 1.211785 6.60e-16 110.31
1354 J1734-0212 263.690254 -2.210854 0.839394 4.21e-16 65.05
1 J1740+27 265.24583333333334 27.315833333333334 1.058 * 35.5 
1396 J1741-0840 265.343982 -8.675506 2.043082 2.27e-15 74.90
1517 J1752-2806 268.24454 -28.110361 0.562558 8.13e-15 50.37
1528 J1754+5201 268.595536 52.020071 2.391397 1.56e-15 35.01
1564 J1759-2205 269.850654 -22.092509 0.460974 1.09e-14 177.16
1613 J1805-0619 271.380983 -6.329278 0.454651 9.69e-16 146.22
1631 J1807-2715 271.785396 -27.250823 0.827776 1.22e-14 312.98
1632 J1808+00 272.079167 0.566667 0.425115 * 141.00
1673 J1812-3039 273.187092 -30.655833 0.587477 6.60e-16 138.90
1666 J1812+0226 273.221616 2.449201 0.793903 3.60e-15 104.14
1680 J1813+4013 273.305338 40.227509 0.931089 2.55e-15 41.56
1754 J1823-3106 275.944952 -31.11382 0.284054 2.93e-15 50.24
1778 J1825+0004 276.313852 0.072139 0.778949 8.76e-16 56.62
1869 J1837-0045 279.383975 -0.752956 0.617037 1.68e-15 86.98
1908 J1840-0840 280.21625 -8.674722 5.309377 2.37e-14 272.00
1982 J1847-0402 281.845178 -4.037294 0.597792 5.17e-14 141.98
2113 J1901-0906 285.470896 -9.103002 1.781928 1.64e-15 72.68
2224 J1912+2525 288.077608 25.417256 0.621976 2.25e-16 37.85
2240 J1913+3732 288.366196 37.53675 0.851079 1.38e-15 72.33
2246 J1915+0227 288.758842 2.463269 0.317306 2.99e-16 192.60
1 J1917-30 289.1583333333333 -29.634999999999998 1.24848 * 38.0 
2270 J1918-1052 289.701029 -10.87955 0.798693 8.65e-16 62.73
1 J1921-05 290.32916666666665 -5.105833333333333 0.79427 * 100.0 
2290 J1921+42 290.483333 42.416667 0.595201 * 53.00
2289 J1921+2153 290.436729 21.883958 1.337302 1.35e-15 12.44
2322 J1929+00 292.366667 0.433333 1.166900 * 33.00
1 J1930-01 292.5205958333333 -1.8921605555555556 0.594 * 36.0 
2345 J1932+2220 293.094758 22.347635 0.144470 5.76e-14 219.20
1 J1941+0237 295.141134668 2.61470131824 1.23234 * 82.7 
2390 J1943-1237 295.856172 -12.628449 0.972429 1.66e-15 28.92
1 J2000+29 300.06614999999994 29.351976722222222 3.0736999999999997 * 136.5 
2456 J2004+3137 301.21786 31.619448 2.111265 7.46e-14 234.82
2468 J2008+2513 302.147842 25.2251 0.589196 5.40e-15 60.56
2481 J2017+2043 304.370575 20.725528 0.537143 9.96e-16 60.49
2495 J2027+4557 306.817638 45.965856 1.099651 3.09e-16 229.59
2507 J2036+2835 309.193179 28.586233 1.358727 2.09e-15 84.22
2511 J2038-3816 309.725792 -38.269972 1.577286 4.13e-15 33.96
2520 J2046-0421 311.500654 -4.357222 1.546938 1.47e-15 35.80
2522 J2046+5708 311.694205 57.143636 0.476735 1.11e-14 101.79
2533 J2055+2209 313.913133 22.15756 0.815181 1.34e-15 36.35
1 J2123+36 320.8791666666666 36.42527777777777 1.294 * 108.4 
2565 J2138+4911 324.5 49.183333 0.696000 * 168.00
2589 J2207+40 331.75 40.95 0.636985 * 12.00
1 J2210+21 332.61249999999995 21.300555555555555 1.776 * 46.3 
2600 J2222-0137 335.524871 -1.621035 0.032818 5.80e-21 3.28
2609 J2229+64 337.25 64.966667 1.893120 * 194.00
2623 J2248-0101 342.112103 -1.030024 0.477233 6.59e-16 29.05
2626 J2257+5909 344.490601 59.154121 0.368246 5.75e-15 151.08
2639 J2317+2149 349.490952 21.830009 1.444653 1.05e-15 20.87
1 J2347+02 356.99199999999996 2.86894 1.38347 * 15.9 
