1     J0002+6216       0.742375    62.269278  0.115364 1.4e-12           *       0        *       0        *       0        *       0      *       0 
2     J0007+7303       1.757083    73.052056  0.315873 3.0e-10           *       0        *       0        *       0        *       0      *       0 
3     J0011+08         2.891667     8.166667  2.552870       0      24.90       0   28.000       0        *       0        *       0      *       0 
4     J0050+03        12.629167     3.800000  1.366560       0      26.50       0   33.000       0        *       0        *       0      *       0 
5     J0054+69        13.616667    69.433333         *       0      90.30 2.0e-01         *       0        *       0        *       0      *       0 
6     J0146+31        26.562500    31.066667  0.938100       0      25.00 1.0e+00    20.000       0        *       0        *       0      *       0 
7     J0146+6145      26.593417    61.750778  8.688994 4.0e-07           *       0        *       0        *       0        *       0      *       0 
8     J0156+04        29.004167     4.033333         *       0      27.50       0    3.800       0        *       0        *       0      *       0 
9     J0220+36        35.208333    36.366667  1.029700       0      40.00 1.0e+01   220.000       0        *       0        *       0      *       0 
10    J0251+26        42.783333    26.083333  0.002540       0      20.00       0        *       0        *       0        *       0      *       0 
11    J0303+22        45.750000    22.800000  1.207000       0      20.00 5.0e+00    50.000       0        *       0        *       0      *       0 
12    J0357+3205      59.468750    32.090278  0.444104 6.0e-10           *       0        *       0        *       0        *       0      *       0 
13    J0359+5414      59.858375    54.248806  0.079427 1.3e-12           *       0        *       0        *       0        *       0      *       0 
14    J0418+5732      64.641113    57.539697  9.078388 5.0e-08           *       0        *       0        *       0        *       0      *       0 
15    J0421+32        65.375000    32.666667  0.900500       0      75.00 1.5e+01   400.000       0        *       0        *       0      *       0 
16    J0435+2749      68.965908    27.817139  0.326279 1.4e-12       53.19 2.0e-02    53.000       0     2.00       0     0.24 3.0e-02   -2.30 4.0e-01  
17    J0501+4516      75.278167    45.276089  5.762097 4.0e-08           *       0        *       0        *       0        *       0      *       0 
18    J0517+2212      79.321446    22.214417  0.222367 7.0e-13       18.70 1.4e-02    28.000       0     7.00       0     0.46 2.0e-02       *       0 
19    J0544+20        86.050000    20.833333         *       0      56.90       0    2.300       0        *       0        *       0      *       0 
20    J0550+09        87.616667     9.850000  1.745000       0      86.60       0   22.500       0        *       0        *       0      *       0 
21    J0554+3107      88.520875    31.128056  0.464961 1.6e-11           *       0        *       0        *       0     0.00 7.0e-02       *       0 
22    J0611+04        92.825000     4.100000  1.674430       0      69.90       0   81.000       0        *       0        *       0      *       0 
23    J0611+1436      92.827704    14.614444  0.270329 3.0e-11       45.70 7.0e-01    11.600       0        *       0     1.10       0      *       0 
24    J0622+3749      95.543792    37.820444  0.333208 6.0e-12           *       0        *       0        *       0        *       0      *       0 
25    J0630+19        97.516667    19.616667  1.248550       0      48.10       0   35.000       0        *       0        *       0      *       0 
26    J0631+0646      97.968250     6.770611  0.110979 8.0e-13           *       0        *       0        *       0        *       0      *       0 
27    J0633+0632      98.434208     6.543028  0.297395 7.0e-11           *       0        *       0        *       0        *       0      *       0 
28    J0635+0533      98.825000     5.553056  0.033856 1.2e-08           *       0        *       0        *       0        *       0      *       0 
29    J0653+4706     103.250000    47.100000  0.004750       0      25.54       0        *       0        *       0        *       0      *       0 
30    J0720-3125     110.104008   -31.430579  8.391116 2.6e-08           *       0        *       0        *       0        *       0      *       0 
31    J0734-1559     113.500000   -15.983333  0.156250       0          *       0        *       0        *       0        *       0      *       0 
32    J0740+6620     115.190814    66.342657  0.002886 3.0e-17       14.96 2.4e-04         *       0    32.50       0        *       0      *       0 
33    J0837-24       129.433333   -24.796667         *       0     142.80 5.0e-01     1.000       0        *       0        *       0      *       0 
34    J0910+77       137.500000    77.466667  1.579050 6.0e-05           *       0        *       0        *       0        *       0      *       0 
35    J0923-31       140.991667   -31.950000         *       0      72.00 2.0e+01         *       0        *       0        *       0      *       0 
36    J0927+2345     141.938583    23.752972  0.761889 9.0e-11       17.24 1.2e-01    13.500       0     1.00       0     0.06 1.0e-02       *       0 
37    J0928+30       142.179167    30.616667  2.091900       0      22.00 2.0e+00    50.000       0        *       0        *       0      *       0 
38    J0943+2253     145.884990    22.884906  0.532975 9.0e-13       27.25 1.5e-03    11.500       0     5.50       0     0.39 7.0e-02   -0.80 6.0e-01  
39    J0947+2740     146.838696    27.678750  0.851014 6.0e-11       29.09 7.0e-02    40.000       0     1.00       0     0.13 1.0e-02   -2.20 8.0e-01  
40    J0952-0607     148.034662    -6.123192  0.001414 4.0e-14       22.41 1.0e-04         *       0        *       0        *       0      *       0 
41    J1010+15       152.500000    15.850000         *       0      42.00       0        *       0        *       0        *       0      *       0 
42    J1048+2339     162.180910    23.664836  0.004665 1.6e-15       16.65 1.0e-04         *       0        *       0     0.17 3.0e-03       *       0 
43    J1126-38       171.575000   -38.633333  0.887550 1.0e-05       46.00       0        *       0        *       0        *       0      *       0 
44    J1226-3223     186.694283   -32.383611  6.193004 5.0e-10       36.70       0   34.000       0        *       0        *       0      *       0 
45    J1238+2152     189.596569    21.869743  1.118591 4.0e-11       17.97 3.1e-03         *       0     2.00       0        *       0  -0.80 3.0e-01  
46    J1242+39       190.641667    39.633333  1.310000       0      26.00 1.0e+00    35.000       0        *       0        *       0      *       0 
47    J1246+2253     191.705679    22.895353  0.473871 4.0e-12       17.79 3.0e-03     9.700       0    29.00       0     0.39 3.0e-02    0.80 6.0e-01  
48    J1308+2127     197.201125    21.451883 10.312522 2.0e-08           *       0        *       0        *       0        *       0      *       0 
49    J1400-1431     210.154182   -14.529735  0.003084 8.0e-17        4.93 3.0e-06         *       0        *       0     0.15 7.0e-02       *       0 
50    J1404+1159     211.154004    11.987600  2.650439 3.0e-11       18.47 9.0e-03     3.700       0     3.00       0     0.03 5.0e-03       *       0 
51    J1411+2551     212.828608    25.852331  0.062453 2.0e-15       12.37 3.0e-04     2.450 7.0e-02         *       0        *       0      *       0 
52    J1412+7922     213.232667    79.367694  0.059198 7.0e-12           *       0        *       0        *       0        *       0      *       0 
53    J1433+00       218.375000     0.466667         *       0      23.50       0    3.800       0        *       0        *       0      *       0 
54    J1552+5437     238.222213    54.618274  0.002428 6.0e-16       22.90 5.0e-04         *       0        *       0        *       0      *       0 
55    J1554+18       238.570833    18.066667         *       0      24.00       0    7.600       0        *       0        *       0      *       0 
56    J1603+18       240.891667    18.850000  0.503000       0      29.70       0    8.800       0        *       0        *       0      *       0 
57    J1604-31       241.100000   -31.650000  0.883883 5.0e-06       63.00       0        *       0        *       0        *       0      *       0 
58    J1605+3249     241.327167    32.821667  6.880000       0          *       0        *       0        *       0        *       0      *       0 
59    J1610-17       242.545833   -17.833333         *       0      52.50 3.0e+00         *       0        *       0        *       0      *       0 
60    J1656+00       254.170833     0.433333  1.497850       0      46.90       0   34.000       0        *       0        *       0      *       0 
61    J1714-3810     258.523917   -38.175250  3.824936 1.7e-05           *       0        *       0        *       0        *       0      *       0 
62    J1717+03       259.483333     3.183333  3.901000       0      25.60       0    8.400       0        *       0        *       0      *       0 
63    J1720+00       260.229167     0.666667  3.357000       0      46.20       0    7.200       0        *       0        *       0      *       0 
64    J1721+35       260.487500    35.400000  0.821900       0      22.00 3.0e+00    60.000       0        *       0        *       0      *       0 
65    J1727-29       261.829167   -29.983333         *       0      93.00 1.0e+01     7.200       0        *       0        *       0      *       0 
66    J1738+04       264.604167     4.333333  1.391790       0      23.60       0   28.000       0        *       0        *       0      *       0 
67    J1739-2521     264.885954   -25.365556  1.818461 2.4e-10      186.40       0   43.000       0        *       0        *       0      *       0 
68    J1743+05       265.816667     5.483333  1.473630       0      56.10       0   55.000       0        *       0        *       0      *       0 
69    J1746-3239     266.728946   -32.665500  0.199541 1.2e-12           *       0        *       0        *       0        *       0      *       0 
70    J1749+16       267.370833    16.400000  2.311650       0      59.60       0   61.000       0        *       0        *       0      *       0 
71    J1750+07       267.666667     7.550000  1.908810       0      55.40       0   60.000       0        *       0        *       0      *       0 
72    J1754-3014     268.625754   -30.250833  1.320490 3.0e-10       89.70 7.0e-02    36.000       0        *       0        *       0      *       0 
73    J1756+1822     269.073262    18.382028  0.744001 7.0e-11       70.80       0   32.000       0     0.70       0     0.01 5.0e-03       *       0 
74    J1757-16       269.354167   -16.433333  0.451273 1.0e-06      132.20 1.0e-01         *       0        *       0        *       0      *       0 
75    J1757-1854     269.265768   -18.900938  0.021497 7.0e-15      378.20 2.0e-03     0.400       0        *       0     0.25 4.0e-02       *       0 
76    J1803-2149     270.790133   -21.820278  0.106332 3.0e-12           *       0        *       0        *       0        *       0      *       0 
77    J1803-3002A    270.892083   -30.033889  0.007101       0     192.00       0        *       0        *       0        *       0      *       0 
78    J1805+06       271.479167     6.233333  0.002130       0      65.00       0        *       0        *       0        *       0      *       0 
79    J1808-2024     272.163904   -20.411069  7.555920 5.0e-05           *       0        *       0        *       0        *       0      *       0 
80    J1809-2332     272.459375   -23.539633  0.146789 7.0e-12           *       0        *       0        *       0        *       0      *       0 
81    J1811-1925     272.871667   -19.424444  0.064667 2.0e-08           *       0        *       0        *       0        *       0      *       0 
82    J1813-1246     273.349042   -12.766444  0.048072 7.0e-12           *       0        *       0        *       0        *       0      *       0 
83    J1813-1749     273.396525   -17.832633  0.044699 6.0e-10           *       0        *       0        *       0        *       0      *       0 
84    J1822-1604     275.575000   -16.074111  8.437721 7.0e-08           *       0        *       0        *       0        *       0      *       0 
85    J1824+10       276.020833    10.283333  0.004070       0      60.00       0        *       0        *       0        *       0      *       0 
86    J1826-1256     276.535542   -12.942500  0.110224 4.0e-12           *       0        *       0        *       0        *       0      *       0 
87    J1827-1446     276.852500   -14.774444  0.499187 3.0e-11           *       0        *       0        *       0        *       0      *       0 
88    J1833-0831     278.434875    -8.518806  7.565408 5.0e-07           *       0        *       0        *       0        *       0      *       0 
89    J1834-0845     278.717158    -8.765561  2.482302 1.0e-07           *       0        *       0        *       0        *       0      *       0 
90    J1836+5925     279.056975    59.425042  0.173264 1.0e-11           *       0        *       0        *       0        *       0      *       0 
91    J1838-0537     279.733417    -5.619167  0.145708 3.0e-10           *       0        *       0        *       0        *       0      *       0 
92    J1838-0655     279.513042    -6.925944  0.070498 5.4e-11           *       0        *       0        *       0        *       0      *       0 
93    J1839-0141     279.779103    -1.698889  0.933266 2.0e-11      293.20 6.0e-01    13.000       0        *       0        *       0      *       0 
94    J1841-0456     280.330596    -4.936433 11.788978 1.0e-06           *       0        *       0        *       0        *       0      *       0 
95    J1844-0256     281.220833    -2.933333  0.272963 1.0e-06      826.00 2.0e+00    68.000       0        *       0     0.46 6.0e-02       *       0 
96    J1844-03       281.237500    -3.000000  6.971270 2.8e-04           *       0        *       0        *       0        *       0      *       0 
97    J1844-0346     281.137042    -3.775167  0.112855 1.1e-11           *       0        *       0        *       0        *       0      *       0 
98    J1846-0258     281.603917    -2.975028  0.326571 5.0e-11           *       0        *       0        *       0        *       0      *       0 
99    J1846+0919     281.608333     9.329444  0.225551 3.0e-10           *       0        *       0        *       0        *       0      *       0 
100   J1848-1243     282.075108   -12.725000  0.414383 2.0e-11       91.96 7.0e-02     9.000       0        *       0        *       0      *       0 
101   J1849-0001     282.256708    -0.021556  0.038519 1.2e-11           *       0        *       0        *       0        *       0      *       0 
102   J1851+0233     282.788042     2.562889  0.344018 1.2e-11      606.00 4.0e+00    13.500       0        *       0     0.08       0      *       0 
103   J1852+0033     283.194167     0.555806 11.558713 6.0e-08           *       0        *       0        *       0        *       0      *       0 
104   J1852+0040     283.160708     0.672167  0.104913 4.0e-12           *       0        *       0        *       0        *       0      *       0 
105   J1854+0319     283.500458     3.320222  0.628541 1.5e-11      480.20 1.3e+00    10.400       0        *       0     0.17       0      *       0 
106   J1855+0306     283.909333     3.106111  1.633565 1.8e-10      634.00 6.0e+00    35.900       0        *       0     0.06       0      *       0 
107   J1856-3754     284.147542   -37.902222  7.055203 3.0e-08           *       0        *       0        *       0        *       0      *       0 
108   J1857+0300     284.320458     3.007222  0.772678 4.0e-11      691.00 4.0e+00    14.000       0        *       0     0.05       0      *       0 
109   J1858+0319     284.670333     3.322639  0.867444 4.0e-11      284.00 3.0e+00    10.600       0        *       0     0.06       0      *       0 
110   J1859+0603     284.925546     6.065139  0.508561 1.7e-11      378.60 2.0e+00    13.800       0        *       0     0.16       0      *       0 
111   J1900+0438     285.055625     4.646333  0.312314 1.8e-11      627.00 6.0e+00    26.000       0        *       0     0.12       0      *       0 
112   J1901+0234     285.362208     2.580944  0.885240 4.0e-11      404.00 3.0e+00    20.400       0        *       0     0.14       0      *       0 
113   J1901+0511     285.428792     5.183389  4.600369 4.0e-10      410.00 7.0e+00    23.500       0        *       0     0.05       0      *       0 
114   J1903+0654     285.980333     6.910944  0.791232 7.0e-11      329.00 7.0e+00    56.200       0        *       0     0.11       0      *       0 
115   J1906+0509     286.735404     5.159889  0.397590 5.0e-12       99.50 1.9e+00    21.200       0        *       0     0.07       0      *       0 
116   J1906+0722     286.630000     7.382167  0.111524 1.3e-12           *       0        *       0        *       0        *       0      *       0 
117   J1907+0255     286.824583     2.917417  0.618761 3.0e-11      257.00 4.0e+00    30.800       0        *       0     0.14       0      *       0 
118   J1907+0631     286.765900     6.521917  0.323648 1.9e-11      428.60 1.8e+00    14.800       0        *       0     0.25       0      *       0 
119   J1907+0859     286.757971     8.995500  1.527042 3.0e-11      190.00 3.0e+00    35.600       0        *       0     0.07       0      *       0 
120   J1907+0919     286.809708     9.322250  5.198346 3.0e-06           *       0        *       0        *       0        *       0      *       0 
121   J1908+0833     287.087333     8.558750  0.512111 1.2e-11      700.10 2.0e+00    14.600       0        *       0     0.20       0      *       0 
122   J1909+21       287.383333    21.050000  0.002560       0      62.00       0        *       0        *       0        *       0      *       0 
123   J1910+0517     287.657946     5.298917  0.308048 1.2e-11      300.00 2.0e+00    13.000       0        *       0     0.50 1.0e-01       *       0 
124   J1913+0657     288.387167     6.956750  1.257181 7.0e-11      142.00 3.0e+00    19.400       0        *       0     0.05       0      *       0 
125   J1913+1050     288.397350    10.840722  0.190067 3.0e-12      231.10 9.0e-01     4.500       0        *       0     0.06       0      *       0 
126   J1913+1102     288.371059    11.034928  0.027285 1.5e-14      338.96 2.0e-02         *       0        *       0     0.02       0      *       0 
127   J1914+08       288.575000     8.750000  0.440048 2.0e-06      285.00       0        *       0        *       0        *       0      *       0 
128   J1922+1131     290.709458    11.532917  0.562074 3.0e-11      335.00 3.0e+00    23.000       0        *       0     0.13       0      *       0 
129   J1925+1720     291.362629    17.340919  0.075659 1.1e-12      223.30 1.5e+00     2.200       0        *       0     0.07       0      *       0 
130   J1928+1443     292.028292    14.719806  1.010739 7.0e-11      101.00 5.0e+00    41.600       0        *       0     0.17       0      *       0 
131   J1929+1357     292.294250    13.959972  0.866927 7.0e-11      150.70 3.0e-01    11.500       0        *       0     2.20 4.0e-01       *       0 
132   J1931+1439     292.918471    14.660750  1.779226 7.0e-11      243.00 1.6e+01    64.200       0        *       0     0.08       0      *       0 
133   J1932+1500     293.192946    15.006167  1.864332 1.1e-10       90.50 1.8e+00    50.700       0        *       0     0.19       0      *       0 
134   J1932+1916     293.082083    19.277500  0.208215 1.4e-11           *       0        *       0        *       0     0.00 8.0e-02       *       0 
135   J1935+1159     293.816983    11.985889  1.939758 1.6e-10      188.76 6.0e-02   272.000       0     1.00       0     0.17 3.0e-02       *       0 
136   J1935+2154     293.732000    21.896722  3.244980 1.0e-05           *       0        *       0        *       0        *       0      *       0 
137   J1938+14       294.579167    14.700000  2.902510       0      74.20       0   95.000       0        *       0        *       0      *       0 
138   J1940+2245     295.115183    22.762950  0.258912 5.0e-12      222.40 1.3e+00    13.000       0        *       0     0.15       0      *       0 
139   J1941+01       295.491667     1.766667  1.404730       0     133.30       0   40.000       0        *       0        *       0      *       0 
140   J1946+14       296.716667    14.700000  2.282440       0      50.30       0   50.000       0        *       0        *       0      *       0 
141   J1948+2333     297.080488    23.550897  0.528352 1.6e-12      198.20 8.0e-01     5.200       0        *       0     0.28       0      *       0 
142   J1954+2407     298.501558    24.120556  0.193405 1.5e-12       80.50 4.0e-01     1.900       0        *       0     0.10       0      *       0 
143   J1954+2836     298.579792    28.601667  0.092709 3.0e-10           *       0        *       0        *       0        *       0      *       0 
144   J1956+07       299.145833     7.266667  5.012480       0      61.30       0  125.000       0        *       0        *       0      *       0 
145   J1957+5033     299.412083    50.555000  0.374806 3.0e-10           *       0        *       0        *       0        *       0      *       0 
146   J1958+2846     299.666958    28.765000  0.290389 5.0e-11           *       0        *       0        *       0        *       0      *       0 
147   J2004+2653     301.245917    26.894556  0.665879 4.0e-11      160.00 4.0e+00    14.800       0        *       0     0.06       0      *       0 
148   J2017+3625     304.482667    36.418861  0.166749 9.0e-13           *       0        *       0        *       0        *       0      *       0 
149   J2021+4026     305.374958    40.445861  0.265318 5.0e-11           *       0    3.000       0        *       0        *       0      *       0 
150   J2028+3332     307.082750    33.534544  0.176707 7.0e-13           *       0        *       0        *       0        *       0      *       0 
151   J2030+4415     307.713958    44.260583  0.227070 3.0e-11           *       0        *       0        *       0        *       0      *       0 
152   J2045+3633     311.256271    36.550390  0.031682 1.1e-14      129.55 1.7e-03         *       0        *       0        *       0      *       0 
153   J2050+1259     312.738375    12.985833  1.221020 9.0e-10       52.40       0   61.000       0     0.40       0     0.05 1.0e-02       *       0 
154   J2052+1218     313.195833    12.300000  0.001990       0      42.00       0        *       0        *       0        *       0      *       0 
155   J2053+1718     313.456170    17.312406  0.119268 1.2e-13       26.98       0    1.700       0        *       0     0.00 2.0e-03       *       0 
156   J2053+4650     313.469284    46.847699  0.012586 1.6e-15       98.08 6.0e-04         *       0        *       0        *       0      *       0 
157   J2055+2539     313.953333    25.667222  0.319561 1.1e-09           *       0        *       0        *       0        *       0      *       0 
158   J2105+07       316.362500     7.950000  3.746630       0      52.60       0  126.000       0        *       0        *       0      *       0 
159   J2111+4606     317.850542    46.108694  0.157830 1.0e-11           *       0        *       0        *       0        *       0      *       0 
160   J2129-0429     322.437663    -4.484886  0.007620       0      16.90       0        *       0     0.50       0        *       0      *       0 
161   J2139+4716     324.983125    47.270278  0.282849 1.6e-11           *       0        *       0        *       0        *       0      *       0 
162   J2143+0654     325.764083     6.904869  9.428229 1.0e-07           *       0        *       0        *       0        *       0      *       0 
163   J2154-28       328.700000   -28.133333  1.343350 2.0e-05       28.00       0        *       0        *       0        *       0      *       0 
164   J2234+0611     338.596142     6.191303  0.003577 3.0e-17       10.76 1.5e-03         *       0     0.30       0     0.70       0      *       0 
165   J2238+5903     339.617792    59.061333  0.162734 1.1e-11           *       0        *       0        *       0        *       0      *       0 
166   J2301+5852     345.284542    58.879014  6.979071 1.5e-09           *       0        *       0        *       0        *       0      *       0 
167   J2322-2650     350.644334   -26.849533  0.003463 1.1e-16        6.15 2.0e-03     0.110 1.0e-02         *       0     0.16 2.0e-02       *       0 
168   J2339-0533     354.911417    -5.551478  0.002884 1.7e-16           *       0        *       0        *       0        *       0      *       0 
