  #	 JNAME       	 RAJD    	 DECJD     	 P0                  	 P1        	 DM      	 PB        
  1	 J0002+6216  	 0.74238 	 62.26928  	 0.1153635682680     	 5.96703E-15	 *       	 *         
  1	 J0006+1834  	 1.52000 	 18.58306  	 0.69374767047       	 2.097E-15 	 11.41   	 11.41     
  1	 J0007+7303  	 1.75708 	 73.05206  	 0.3158731909        	 3.6039E-13	 *       	 *         
  1	 J0011+08    	 2.89167 	 8.16667   	 2.55287             	 *         	 24.9    	 24.9      
  1	 J0014+4746  	 3.57396 	 47.77594  	 1.240699038946      	 5.6446E-16	 30.405  	 30.405    
  1	 J0023+0923  	 5.82033 	 9.38996   	 0.00305020310409707 	 1.1421E-20	 14.3283 	 14.32810  
  1	 J0026+6320  	 6.71067 	 63.33357  	 0.318357731235      	 0.15006E-15	 230.31  	 230.31    
  1	 J0030+0451  	 7.61428 	 4.86103   	 0.0048654532109097  	 1.0174E-20	 4.33252 	 4.33991   
  1	 J0033+57    	 8.25000 	 57.00000  	 0.315               	 *         	 76      	 76        
  1	 J0033+61    	 8.25000 	 61.00000  	 0.912               	 *         	 37      	 37        
  1	 J0034-0534  	 8.59098 	 -5.57687  	 0.0018771818845850  	 4.966E-21 	 13.76517	 13.76517  
  1	 J0034-0721  	 8.53696 	 -7.36484  	 0.9429509945598     	 4.08210E-16	 10.922  	 10.922    
  1	 J0034+69    	 8.50000 	 69.71667  	 0.03680412          	 *         	 80.0    	 80.0      
  1	 J0040+5716  	 10.13484	 57.27359  	 1.1182253452412     	 2.878973E-15	 92.5146 	 92.5146   
  1	 J0048+3412  	 12.14160	 34.20223  	 1.217094296058      	 2.35454E-15	 39.922  	 39.922    
  1	 J0050+03    	 12.62917	 3.80000   	 1.36656             	 *         	 26.5    	 26.5      
  1	 J0051+0423  	 12.87542	 4.38028   	 0.35473179890       	 7E-18     	 13.9    	 13.9      
  1	 J0053+69    	 13.25000	 69.65000  	 0.832938            	 *         	 117     	 117       
  1	 J0054+66    	 13.50000	 66.00000  	 1.39                	 *         	 15      	 15        
  1	 J0054+69    	 13.61667	 69.43333  	 *                   	 *         	 90.3    	 90.3      
  1	 J0055+5117  	 13.93908	 51.29027  	 2.115171148865      	 9.53764E-15	 44.0127 	 44.0127   
  1	 J0056+4756  	 14.10630	 47.93626  	 0.472036662076      	 3.32849E-15	 18.1354 	 18.1354   
  1	 J0058+6125  	 14.50000	 61.41667  	 0.637               	 *         	 129     	 129       
  1	 J0059+50    	 14.75000	 50.03333  	 0.996009            	 *         	 67      	 67        
