num name ra dec p0 p1 dm
1 J0025-19 6.3605 -19.9381 1.306 * 21.0
1 J0034+69 8.549299999999999 69.7219 0.0368 * 80.0
1 J0038-25 9.698999999999998 -25.1124 0.257 * 5.7
1 J0054+6946 13.349799999999997 69.64590000000001 0.832 * 117.0
1 J0058+4950 14.800799999999997 50.0328 0.996 * 67.0
1 J0104+64 16.161599999999996 64.7392 1.386 * 43.0
1 J0110-22 17.5682 -22.1465 1.262 * 20.0
1 J0111+6624 18.152399999999997 66.3612 4.301 * 112.0
1 J0125-23 21.299699999999998 -23.6033 0.00368 * 9.6
1 J0125+62 21.424 62.598600000000005 1.708 * 118.0
1 J0137+6349 24.0809 63.706 0.718 * 286.0
1 J0141+63 25.4809 62.933499999999995 0.0467 * 273.0
1 J0212+5222 33.343599999999995 52.5272 0.376 * 38.0
1 J0216+52 34.078199999999995 52.231 0.024575 * 22.0
1 J0325+6744 51.473099999999995 67.8194 1.365 * 65.0
1 J0338+66 54.645999999999994 66.7345 1.762 * 67.0
1 J0355+28 58.998599999999996 28.7645 0.365 * 49.0
1 J0358+6627 59.3833 66.6682 0.0915 * 62.0
1 J0358+4155 59.90109999999999 41.9988 0.226 * 46.0
1 J0405+3347 61.36449999999999 33.5752 0.063948 * 54.0
1 J0406+30 61.56139999999999 30.7277 0.0026 * 49.0
1 J0414+31 63.534499999999994 31.518 1.081 * 64.0
1 J0417+61 64.31909999999999 61.1353 0.44 * 71.0
1 J0509+3801 77.49719999999999 38.203100000000006 0.0765 * 69.0
1 J0518+5416 79.9503 54.4216 0.34 * 43.0
1 J0530-39 82.57889999999999 -39.1394 0.907 * 49.0
1 J0534-13 83.60689999999998 -13.3711 0.979 * 74.0
1 J0557-29 89.3668 -29.752 0.0436 * 49.0
1 J0612+3721 92.66439999999999 37.303799999999995 0.444 * 39.0
1 J0614+83 93.51399999999998 83.2295 1.039 * 44.0
1 J0636-23 99.04809999999998 -23.3123 0.476 * 60.0
1 J0636+51 99.24609999999998 51.495 0.00286 * 11.1
1 J0645+51 101.49289999999999 51.835100000000004 0.00885 * 18.2
1 J0645+80 101.3851 80.14840000000001 0.658 * 50.0
1 J0648-27 102.27519999999998 -27.2667 4.1692 * 133.0
1 J0659-36 104.93979999999999 -36.3911 0.637 * 84.0
1 J0738+6904 114.2922 69.22970000000001 6.824 * 16.0
1 J0740+41 115.18809999999999 41.064699999999995 0.0031394674 * 21.0
1 J0740+6620 115.49779999999998 66.3363 0.00288 * 15.0
1 J0747+6646 116.61579999999998 66.6081 0.407 * 28.0
1 J0749+57 117.48329999999999 57.0027 1.175 * 27.0
1 J0758-30 119.61449999999999 -30.0467 1.092 * 86.0
1 J0930-22 142.5383 -22.9502 1.807 * 79.0
1 J0944+4106 145.83999999999997 41.1493 2.23 * 21.0
1 J1018-1523 154.3251 -15.304400000000001 0.0831 * 17.0
1 J1045-0436 161.3412 -4.7348 0.024 * 4.8
1 J1059+6459 165.39249999999998 65.11829999999999 3.631 * 19.0
1 J1110+58 167.66979999999995 58.8668 0.793 * 26.0
1 J1115-24 168.81149999999997 -24.678700000000003 0.868 * 30.0
1 J1120-23 170.08039999999997 -23.7289 0.497 * 9.9
1 J1122-3546 170.7352 -35.706700000000005 0.00783778 * 39.0
1 J1125+7819 170.70409999999998 78.44330000000001 0.0042 * 11.2
1 J1127-38 172.03949999999998 -38.5822 0.877 * 48.0
1 J1154-19 178.57809999999998 -19.7043 0.0111 * 10.7
1 J1221-0633 185.37899999999996 -6.543 0.00193 * 16.0
1 J1235-36 188.82229999999998 -36.531 0.569 * 59.0
1 J1239+32 189.9234 32.5366 0.0047 * 17.0
1 J1308-23 197.12939999999998 -23.5181 0.00283136 * 22.0
1 J1317-0157 199.19799999999998 -1.7828 0.00290854 * 29.4
1 J1320+67 200.24409999999997 67.505 1.029 * 28.0
1 J1327+34 201.9655 34.5242 0.0415 * 4.2
1 J1336-25 204.01819999999998 -25.4441 0.478 * 37.0
1 J1432+72 218.13216666666665 72.6017 0.0417405 * 12.6
1 J1505-25 226.32959999999997 -25.199 0.999 * 44.8
1 J1515-32 228.90749999999997 -32.686099999999996 0.0644 * 25.0
1 J1529-26 232.28019999999998 -26.4432 0.799 * 45.0
1 J1530-21 232.57299999999998 -21.3674 0.505 * 38.0
1 J1536-30 234.13899999999998 -30.104000000000003 1.901 * 63.0
1 J1611-29 242.92119999999997 -29.955199999999998 0.0096 * 83.0
1 J1624+8643 246.75849999999997 86.9081 0.396 * 47.0
1 J1629+33 247.34409999999997 33.393299999999996 1.525 * 35.0
1 J1628+4406 247.33239999999998 43.9825 0.181 * 7.3
1 J1638-35 249.59829999999997 -35.2448 0.705 * 115.0
1 J1644-33 251.03189999999998 -33.3033 0.397 * 130.0
1 J1647+6608 251.90769999999998 66.06569999999999 1.599 * 22.0
1 J1641+8049 252.47609999999997 80.7469 0.00202 * 31.0
1 J1706+59 256.6831 59.1601 1.477 * 31.0
1 J1710+4923 257.6189 49.3307 0.00322 * 7.1
1 J1733-01 263.4194 -1.6203 0.302 * 61.9
1 J1742-0203 265.49249999999995 -2.1461 0.132 * 81.8
1 J1741-21 265.2886 -21.8626 2.565 * 151.0
1 J1800+5034 270.18519999999995 50.4739 0.578 * 23.0
1 J1806+28 271.59209999999996 28.497 0.0151 * 18.7
1 J1815+5546 273.76429999999993 55.477900000000005 0.427 * 59.0
1 J1816+45 274.10139999999996 44.903999999999996 0.00319 * 38.9
1 J1819-37 274.76529999999997 -37.326600000000006 0.632 * 68.0
1 J1821+4147 275.42060000000004 41.7428 1.262 * 40.0
1 J1822+02 275.68129999999996 2.7312000000000003 1.508 * 103.0
1 J1829+25 277.4878 25.0604 2.857 * 74.0
1 J1836+51 279.12489999999997 51.8558 0.69192 * 44.0
1 J1842-39 280.5358133333333 -39.7098 0.374 * 47.0
1 J1859+7654 284.75489999999996 76.89280000000001 1.394 * 47.0
1 J1901-04 285.337 -4.819599999999999 1.83 * 107.0
1 J1904+33 286.08849999999995 33.833800000000004 0.417 * 81.0
1 J1907+57 286.75219999999996 57.3235 0.424 * 55.0
1 J1911+37 287.85839999999996 37.633 0.851 * 72.0
1 J1917-29 289.3255 -29.5164 1.249 * 38.0
1 J1921-05 290.3311 -5.322 2.228 * 80.3
1 J1923+4243 290.484 42.4108 0.595 * 53.0
1 J1922+58 290.52269999999993 58.466300000000004 0.53 * 53.0
1 J1928+28 292.08739999999995 28.8263 1.063 * 79.0
1 J1929+38 292.33179999999993 38.183699999999995 0.814 * 93.0
1 J1929+62 292.4007 62.2677 1.456 * 67.0
1 J1929+66 292.47159999999997 66.803 0.806 * 60.0
1 J1934+5219 293.77129999999994 52.1924 0.568 * 71.0
1 J1938+6604 294.95329999999996 66.1939 0.0222 * 41.0
1 J1940-24 295.01529999999997 -24.5292 0.0982 * 53.4
1 J1941+02 295.3164 2.4529 1.232 * 87.0
1 J1941+4320 295.38439999999997 43.3837 0.841 * 79.0
1 J1942+8106 295.51309999999995 81.10069999999999 0.203 * 40.2
1 J1946-09 296.74989999999997 -9.339 0.0912 * 50.2
1 J1948-27 297.05209999999994 -27.284200000000002 0.332 * 58.0
1 J1949+34 297.5245999999999 34.590900000000005 0.389 * 228.0
1 J1955+6708 298.30319999999995 67.0295 0.00857 * 57.0
1 J1954+38 298.61119999999994 38.652699999999996 0.353 * 65.0
1 J1954+4357 298.7403999999999 43.8356 1.387 * 130.0
1 J2000+29 300.1656 29.172 3.074 * 133.0
1 J2001+4258 300.3751 42.722 0.719 * 55.0
1 J2017-0414 304.4437 -4.1981 0.0406 * 30.9
1 J2017-2737 304.2619 -27.585099999999997 0.224 * 26.0
1 J2017+5906 304.46909999999997 59.215700000000005 0.403 * 61.0
1 J2019+72 304.9156 72.37899999999999 0.219091 * 35.0
1 J2022+2534 305.6289 25.391199999999998 0.00264609 * 54.0
1 J2027+7502 306.89239999999995 74.7757 0.515 * 11.0
1 J2039-3616 309.61779999999993 -36.1274 0.00328 * 24.0
1 J2040-21 310.16929999999996 -21.881 0.563 * 24.0
1 J2044+28 311.032 28.711199999999998 1.618 * 90.0
1 J2054-39 313.7054999999999 -39.9456 0.977 * 25.0
1 J2105+28 316.4518999999999 28.486800000000002 0.406 * 62.0
1 J2113+67 318.38659999999993 67.0328 0.552 * 54.0
1 J2123+5434 320.6921 54.5454 0.139 * 32.0
1 J2131-31 322.8191999999999 -31.661299999999997 3.325 * 32.0
1 J2137+6428 324.3352 64.3176 1.751 * 106.0
1 J2145+21 326.4328 21.7637 1.419 * 44.0
1 J2148-34 327.09399999999994 -34.3544 0.927 * 14.0
1 J2150-03 327.58379999999994 -3.3987 0.0035 * 21.0
1 J2152-28 328.23049999999995 -28.2561 1.343 * 33.0
1 J2158-27 329.51269999999994 -27.2954 0.477 * 22.0
1 J2205+62 331.40939999999995 62.0767 0.323 * 167.0
1 J2207-15 331.9507 -15.286999999999999 0.766 * 28.7
1 J2208+4056 331.8211 40.956700000000005 0.637 * 11.6
1 J2210+57 332.7202 57.4924 2.057 * 189.0
1 J2228+6447 337.1595999999999 64.964 1.893 * 194.0
1 J2241+6941 340.8909999999999 69.6594 0.855 * 68.0
1 J2257-16 344.45869999999996 -16.5522 0.469 * 52.8
1 J2312+6931 349.22299999999996 69.2008 0.813 * 71.0
1 J2327+62 351.89719999999994 62.698299999999996 0.266 * 194.0
1 J2353-22 358.4591 -22.8382 0.558 * 9.9
1 J2353+85 358.37699999999995 85.5706 1.011 * 38.3
1 J2356+22 359.0531 22.5716 1.841 * 23.0
