1 J1400-4041 209.999910979 -40.6889188095 4.42776 * 28.3
1 J1622-4950 245.685521004 -49.8463552378 4.32645 * 820
1 J1854-1559 283.72448838 -15.9614169591 3.453121 * 157
1 J1629-3635 247.441043755 -36.5940682186 2.988134 * 104
1 J1759-1025 269.899012664 -10.4751596633 2.512312 * 129.9
1 J1802-3349 270.706158011 -33.7962292208 2.461052 * 254
1 J1825-3103 276.535338217 -31.0576662798 2.382205 * 119.7
1 J1846-4249 281.492775911 -42.8221325465 2.27319 * 67.7
1 J0753-0819 118.38777121 -8.32940258794 2.09357 * 42.56
1 J1754-2421 268.640528108 -24.3283260469 2.090263 * 788.8
1 J1816-1938 274.283459877 -19.6828399616 2.046845 * 497.8
1 J1802-0521 270.563368197 -5.42639955298 1.680657 * 121.5
1 J1654-2636 253.66398786 -26.6052577392 1.62373 * 129.2
1 J1748-1024 266.980558039 -10.4880301839 1.578515 * 88.6
1 J2049-5501 312.233134167 -55.0182598981 1.54483 * 35
1 J1904-1624 286.191223448 -16.413073445 1.54146 * 145.8
1 J0912-3848 138.215965661 -38.8300559877 1.526114 * 63.2
1 J1811-4930 272.851150652 -49.4822807498 1.432704 * 49
1 J1900-0928 285.059718189 -9.46575056246 1.424005 * 164
1 J1942+0150 295.612145006 1.83944834499 1.40478 * 121.4
1 J1540-4829 234.923599029 -48.4824640524 1.272842 * 119
1 J1703-1848 255.852928363 -18.8149333443 1.27024749 * 45.7
1 J1941+0237 295.141134668 2.61470131824 1.23234 * 82.7
1 J1535-4432 233.693983687 -44.4827973243 1.221429 * 123.4
1 J0919-6047 139.932363638 -60.7088596223 1.217008 * 66.9
1 J1837-0820 279.432569301 -8.33202890359 1.0992 * 506.6
1 J1239-6728 189.393524416 -67.4658870712 1.05548 * 175.9
1 J1920-0946 290.208576153 -9.77542595961 1.03783 * 93.2
1 J1433-5029 218.246460445 -50.5465275549 1.017495 * 98
1 J1814-0528 273.514599872 -5.47332248647 1.014346 * 119
1 J1733-5516 263.428219053 -55.2852612305 1.011225 * 81.4
1 J1709-2613 257.500429382 -26.2991111497 0.954167 * 140.7
1 J1530-6336 232.716619964 -63.7251970996 0.91031 * 201.2
1 J1903-0848 285.749801792 -8.79514934112 0.88732 * 65.6
1 J1517-4636 229.347079027 -46.6072118923 0.88661 * 139
1 J1720-2451 260.066715835 -24.7847523338 0.874263 * 94.1
1 J1708-4406 257.415332391 -44.0168045267 0.865242 * 220.6
1 J1835-0847 278.738665529 -8.78756598187 0.8465 * 850.4
1 J1818-0152 274.561367309 -1.82034161555 0.837547 * 209.7
1 J1842-2758 280.501162916 -27.9744547785 0.815269 * 61.6
1 J1705-6137 256.272930584 -61.6352640967 0.808546 * 87
1 J1417-5036 214.371047065 -50.6041286401 0.794875 * 58.2
1 J1902-1039 285.578177751 -10.6624387752 0.78677 * 91
1 J1701-4419 255.213662274 -44.3113363446 0.755535 * 413
1 J1810-0120 272.478444234 -1.33439391728 0.744976 * 135.5
1 J0835-4232 128.901225632 -42.5415777018 0.738423 * 185.8
1 J2055-6715 313.726719995 -67.2544768737 0.73408 * 35.8
1 J1442-5122 220.822126708 -51.4268659234 0.732061 * 97
1 J1622-3752 245.515632373 -37.7841706936 0.731471 * 151.2
1 J1745-3816 266.354896378 -38.2045260637 0.698356 * 159.6
1 J1142-5539 175.770346307 -55.5908746856 0.68536 * 183.1
1 J1552-4433 238.008474776 -44.4470337367 0.674068 * 77.4
1 J1330-5251 202.728726288 -52.7683126219 0.648104 * 149
1 J0949-6900 147.36633195 -69.0381272124 0.640022 * 92
1 J1803-3328 270.941574102 -33.4838675604 0.633412 * 171
1 J1906-1525 286.757048505 -15.5498012198 0.632231 * 67.8
1 J1612-5811 243.115982005 -58.1025679274 0.61552 * 172
1 J2359-6537 359.746880386 -65.6250598895 0.60754 * 13
1 J1812-3046 273.195254782 -30.6602766871 0.587468 * 147.5
1 J1650-6046 252.300006104 -60.7497822237 0.583693 * 105.6
1 J1715-4703 258.975037117 -47.1684386551 0.555822 * 285.2
1 J1036-6600 159.083072115 -65.9742927344 0.533502 * 153.3
1 J1409-6954 212.261648406 -69.9082627968 0.528581 * 171.1
1 J1918-6553 289.491780284 -65.8837964839 0.52679 * 20.2
1 J0808-5422 121.975931355 -54.3396464359 0.526647 * 161.9
1 J1629-3827 247.247520794 -38.4579503547 0.52637 * 127.8
1 J1638-4233 249.629638274 -42.5648891666 0.51093 * 406
1 J1635-2616 249.062067051 -26.2565225101 0.510455 * 94.5
1 J1518-3950 229.496189771 -39.8359476363 0.49919 * 101.5
1 J1201-4547 180.248551388 -45.7864011724 0.47617 * 24.3
1 J1614-3846 243.722325023 -38.76735869 0.464098 * 111.7
1 J1719-2334 259.886100125 -23.5334028926 0.45399 * 101.8
1 J1625-6620 246.467585778 -66.349632315 0.450868 * 83.6
1 J1749-4928 267.418939862 -49.4815188728 0.445826 * 52.4
1 J1805-2949 271.410254094 -29.8326535994 0.428343 * 159.6
1 J1840-0438 280.203936898 -4.6429672927 0.422321 * 379.1
1 J1709-6628 257.233956875 -66.4673784659 0.4011 * 61.7
1 J2006-1311 301.494996775 -13.1857678231 0.37428 * 20.5
1 J1403-0315 210.923485947 -3.25657356118 0.36269 * 32.9
1 J1625-4914 246.321881365 -49.2423556885 0.355856 * 717
1 J1745-5342 266.150344608 -53.6704059534 0.355666 * 124.4
1 J1933-5704 293.245124443 -57.0663202948 0.35464 * 44.4
1 J1627-5933 246.95705532 -59.6245760471 0.354239 * 92
1 J1105-4357 166.350604454 -43.9466185542 0.351113 * 38.3
1 J0904-6022 136.271176398 -60.2597629124 0.340853 * 88.9
1 J0620-5857 95.0053498972 -58.9456620809 0.33824 * 28.4
1 J1253-7408 193.032116505 -74.1516831256 0.327056 * 89
1 J1132-4655 173.138509641 -46.9176733901 0.325636 * 121.9
1 J1843-4033 280.761074056 -40.5651988947 0.32418 * 61.5
1 J1748-5416 266.990960232 -54.2652690306 0.30758 * 69.1
1 J1346-4927 206.618466468 -49.2816981151 0.29962 * 76
1 J1607-6447 242.070724467 -64.8282660445 0.298116 * 89.3
1 J1558-6735 239.577071873 -67.6027639925 0.267268 * 105.44
1 J1812-2749 273.172627219 -27.7791917444 0.236983 * 105.7
1 J1705-5230 256.152400762 -52.5973535721 0.230708 * 170.5
1 J1054-5944 163.530676987 -59.7361147139 0.228323 * 253.4
1 J1634-5638 248.533176682 -56.5360896248 0.224202 * 146.7
1 J1825-0135 276.249774272 -1.58840635099 0.22373 * 79.6
1 J1705-4335 256.419727683 -43.5917042288 0.222561 * 184.6
1 J0951-7119 147.742737164 -71.3133054552 0.21238 * 76.3
1 J1648-3605 251.956139829 -36.0800098578 0.212316 * 222
1 J1552-6213 237.872481568 -62.2381255247 0.198839 * 122.2
1 J1755-0900 268.769675991 -9.04475918794 0.19071 * 63.3
1 J1757-1503 269.352882955 -15.0552619436 0.179354 * 150.6
1 J1729-2121 262.298926053 -21.2887533163 0.066293 * 35
1 J1226-6202 186.765931451 -62.1571766019 0.034528 * 362.6
1 J1502-6752 225.583788043 -67.8729417024 0.026744 * 151.8
1 J1056-7118 164.223712074 -71.3160357618 0.02631 * 92.8
1 J1622-6617 245.520083606 -66.2866177549 0.023623 * 87.9
1 J1755-3715 268.856030448 -37.2644506989 0.012786 * 167.4
1 J1525-5544 231.457539145 -55.7306944208 0.011357 * 126.8
1 J1337-6423 204.385372449 -64.3870222968 0.009423 * 260.3
1 J1528-3835 232.332929178 -38.4779999542 0.008486 * 73.6
1 J1406-4656 211.466236052 -46.9376560532 0.007602 * 13.7
1 J1801-3210 270.359470219 -32.1846573522 0.007454 * 177.7
1 J2236-5526 338.993177001 -55.4388052061 0.00691 * 20.2
1 J1719-1438 259.79134864 -14.6314730637 0.00579 * 36.8
1 J1826-2413 276.547929067 -24.2319584864 0.004696 * 81.8
1 J1825-0322 276.478564415 -3.3812251732 0.004554 * 119.5
1 J1708-3506 257.077384872 -35.1082084721 0.004505 * 146.8
1 J1754+0036 268.715571191 0.598778977448 0.0044108 * 70.3
1 J1653-2056 253.376337206 -20.8877658588 0.004129 * 56.5
1 J1431-5736 217.761699829 -57.6701654501 0.004111 * 131.2
1 J0637-3050 99.2902205389 -30.8412895164 0.003945 * 15.5
1 J1546-4552 236.478329702 -45.8433008259 0.003575 * 68.4
1 J2322-2652 350.497708246 -26.8691443103 0.00346 * 6.2
1 J2003-0934 300.743297825 -9.56840381951 0.00318 * 30.7
1 J1125-5825 171.429030048 -58.4219901598 0.003102 * 124.8
1 J1832-0835 278.107825738 -8.62126585323 0.002719 * 28.2
1 J1811-2405 272.832127632 -24.0915359633 0.002661 * 60.6
1 J1947-1858 296.881352989 -18.9723074356 0.002603 * 25.2
1 J1705-1908 256.254937939 -19.1433369956 0.00248 * 57.5
1 J1731-1847 262.824061296 -18.7924804154 0.002345 * 106.5
1 J1017-7156 154.474704324 -71.943239802 0.002339 * 94.3
1 J1446-4701 221.645312233 -47.0200501589 0.002195 * 55.8
1 J1543-5149 235.932255862 -51.8313476538 0.002057 * 50.9
1 J1431-4717 217.943740135 -47.2474143132 0.002012 * 59.4
1 J1804-2858 270.991460363 -28.9669970458 0.00149 * 232.4
