num name ra dec p0 p1 dm
1 J2000+29 300.06614999999994 29.351976722222222 3.0736999999999997 * 136.5
1 J1924+1631 291.2316666666666 16.53461111111111 2.9351599999999998 * 565.3
1 J1950+30 297.69999999999993 30.011694444444444 2.78869 * 247.8
1 J1941+25 295.33168624999996 25.411774583333333 2.30614 * 310.9
1 J0627+16 96.80458333333333 16.208916944444443 2.18049 * 125.0
1 J1856+09 284.1457145833333 9.187837861111111 2.17071 * 192.8
1 J1919+17 289.8671533333333 17.89916277777778 2.0809 * 148.4
1 J1852+00 283.17901125 0.00036469444444444445 1.92066 * 590.4
1 J1932+1459 293.18316166666665 14.983776833333332 1.8642999999999998 * 82.8
1 J1931+14 292.9102420833333 14.6487645 1.77923 * 239.3
1 J1905+10 286.3588425 10.555989277777778 1.7268800000000002 * 165.7
1 J1952+30 298.0751354166666 30.378412055555557 1.6656 * 184.9
1 J1855+03 283.92094541666665 3.1186510277777777 1.6334600000000001 * 625.6
1 J2010+31 302.69166666666666 31.775277777777777 1.5514700000000001 * 251.0
1 J1906+0725 286.5653 7.4176 1.53651 * 480.4
1 J1907+09 286.7620870833333 9.013312944444445 1.5268 * 189.9
1 J1859+03 284.7853195833333 3.787410361111111 1.51171 * 555.1
1 J1851+0242 282.84232125 2.7101637222222226 1.49704 * 534.1
1 J2010+32 302.6170833333333 32.60572222222223 1.4422300000000001 * 438.1
1 J2009+33 302.4129166666666 33.432694444444444 1.4383599999999999 * 367.4
1 J1936+20 294.10841666666664 20.701305555555553 1.3908800000000001 * 205.1
1 J1953+27 298.2845833333333 27.55513888888889 1.33384 * 310.9
1 J1853+04 283.4191783333333 4.481481805555556 1.32065 * 560.4
1 J1949+23 297.29291666666666 23.091749999999998 1.3195299999999999 * 196.1
1 J1924+19 291.0815129166666 19.291243166666668 1.2778900000000002 * 301.9
1 J1843+01 280.83305833333327 1.3089779722222223 1.26702 * 279.2
1 J1913+0656 288.39416666666665 6.937694444444444 1.2571700000000001 * 146.5
1 J0628+09 97.13874999999999 9.22963888888889 1.24142 * 88.0
1 J1909+12 287.49041916666664 12.082014388888888 1.2293399999999999 * 292.5
1 J1914+14 288.7344033333333 14.470434916666667 1.15948 * 205.9
1 J1903+04 285.8833908333333 4.251433944444444 1.1513900000000001 * 473.5
1 J1958+30 299.52030124999993 30.573401666666665 1.09853 * 218.6
1 J1952+25 298.0950883333333 25.20526036111111 1.0776700000000001 * 245.4
1 J1955+29 298.7996483333333 29.506799166666667 1.07377 * 206.0
1 J1953+28 298.3536966666666 28.32322497222222 1.01099 * 194.0
1 J1928+14 292.0378520833333 14.741256 1.01094 * 104.2
1 J1911+1301 287.84337 13.01727988888889 1.01043 * 376.0
1 J2003+29 300.75487666666663 29.28023758333333 1.00987 * 208.7
1 J0608+16 92.20780541666666 16.582576194444446 0.9457000000000001 * 84.0
1 J1853+0029 283.3532741666666 0.49072869444444445 0.93832 * 230.0
1 J1921+16 290.26462999999995 16.508371583333332 0.93643 * 204.7
1 J1948+28 297.1567345833333 28.323247194444445 0.9327799999999999 * 305.0
1 J2011+33 302.8533333333333 33.43711111111111 0.9316599999999999 * 310.9
1 J1954+25 298.60646666666656 25.503920555555556 0.93128 * 183.8
1 J1913+1103 288.4136474999999 11.056218555555557 0.92391 * 628.9
1 J1901+02 285.38735458333326 2.593438888888889 0.88524 * 403.0
1 J1914+06 288.5029166666667 6.419139111111112 0.87886 * 206.7
1 J1901+0459 285.34302541666665 4.999325583333333 0.87706 * 1103.6
1 J1858+0319 284.66466708333326 3.3171921666666666 0.86738 * 289.8
1 J1929+14 292.3028808333333 13.998462277777778 0.8669199999999999 * 157.5
1 J1918+1310 289.6838720833333 13.171235305555555 0.8567400000000001 * 247.4
1 J1935+18 293.93398124999993 18.495262 0.8435199999999999 * 349.9
1 J1903+06 285.9696520833333 6.902588055555556 0.79115 * 338.3
1 J1857+02 284.3046241666666 2.996231888888889 0.77275 * 681.4
1 J1854+00 283.68165624999995 0.8526390833333333 0.7673300000000001 * 532.9
1 J1924+17 291.1033604166666 17.22056197222222 0.7584299999999999 * 527.4
1 J1938+2010 294.41499999999996 20.187305555555557 0.6869700000000001 * 310.9
1 J2005+26 301.25787499999996 26.923236805555558 0.66585 * 158.5
1 J1910+04 287.54450374999993 4.619493611111111 0.6646799999999999 * 297.3
1 J1913+05 288.3398754166666 5.421883027777778 0.662 * 330.1
1 J1901+0510 285.4500579166666 5.1721010000000005 0.65715 * 417.9
1 J1854+0320 283.52180958333327 3.3451335 0.62854 * 479.5
1 J1907+02 286.79502541666665 2.9382953333333335 0.6187699999999999 * 250.4
1 J2005+35 301.32874999999996 35.805138888888884 0.6150599999999999 * 353.3
1 J2007+31 301.81666666666666 31.342222222222222 0.6081799999999999 * 204.9
1 J1853+03 283.3021866666666 2.9999305555555558 0.58553 * 290.2
1 J1919+13 289.9225 13.251055555555556 0.5714400000000001 * 622.0
1 J2010+28 302.5641666666666 28.751916666666666 0.56535 * 105.0
1 J1921+09 290.4571020833333 9.361727638888889 0.56229 * 134.2
1 J1922+11 290.70385208333335 11.563121472222223 0.5620700000000001 * 331.3
1 J1940+23 295.1508333333333 23.62125 0.5468500000000001 * 268.5
1 J1910+07 287.55058041666666 7.197167833333333 0.53869 * 256.5
1 J1910+1027 287.67176291666664 10.459503055555555 0.53147 * 705.7
1 J1855+06 283.85317375 6.448094277777778 0.5288200000000001 * 252.7
1 J1948+23 297.2991666666666 23.21361111111111 0.52835 * 226.1
1 J0540+3207 85.15572374999999 32.127384194444446 0.52403 * 61.9
1 J1946+25 296.7412579166666 25.588599277777778 0.5151699999999999 * 244.0
1 J1908+0831 287.07635875 8.528870000000001 0.5122000000000001 * 698.1
1 J1859+06 284.93113875 6.080283083333333 0.50856 * 381.9
1 J1914+08 288.54197666666664 8.092926305555556 0.45549 * 363.7
1 J1909+11 287.34667999999994 11.825291166666666 0.44895 * 201.9
1 J1914+08 288.5479166666666 8.704277777777778 0.44004000000000004 * 289.2
1 J1930+14 292.59697083333333 14.142228527777778 0.42571 * 209.2
1 J1849+04 282.4168541666666 4.493544583333334 0.42111000000000004 * 191.8
1 J1902+02 285.64060166666667 2.5964576666666668 0.41531999999999997 * 281.2
1 J1910+1017 287.60778875 10.298265277777778 0.41108999999999996 * 636.6
1 J1901+11 285.4933112499999 11.7238745 0.40914 * 270.4
1 J1906+05 286.7202795833333 5.171141722222223 0.39759 * 104.6
1 J2018+34 304.7229166666666 34.5455 0.3877 * 205.0
1 J1924+1628 291.17492166666665 16.482887833333333 0.37509 * 542.9
1 J1851+0232 282.78168 2.546564 0.34402 * 605.4
1 J1917+17 289.3669679166667 17.611382527777778 0.33472 * 204.9
1 J1912+09 288.0123466666666 9.414294166666666 0.32388 * 490.9
1 J1907+06 286.79105374999995 6.503647361111111 0.32362 * 427.6
1 J1900+04 285.05963541666665 4.652134083333333 0.3123 * 638.9
1 J1926+16 291.6991408333333 16.219426055555555 0.3083 * 32.9
1 J1910+05 287.66882166666664 5.293819861111111 0.30804000000000004 * 305.9
1 J1911+1336 287.98439375 13.613552805555555 0.30006 * 322.3
1 J1850+04 282.58874999999995 4.3741666666666665 0.29074 * 296.8
1 J2013+31 303.3974999999999 31.011805555555554 0.27604 * 134.3
1 J1911+09 287.9547645833333 9.390913555555555 0.27370999999999995 * 334.7
1 J0611+14 92.80749916666666 14.581081527777778 0.27032999999999996 * 35.4
1 J1940+22 295.13498375 22.74781063888889 0.25889 * 218.1
1 J1858+03 284.6133333333333 3.771611111111111 0.25683 * 424.0
1 J1855+02 283.92257333333333 2.1096944444444445 0.24683000000000002 * 848.0
1 J1909+07 287.28340999999995 7.826672305555555 0.23715 * 537.0
1 J1931+18 292.96516125 18.268507666666665 0.23412 * 463.7
1 J1934+19 293.58509499999997 19.437343944444443 0.23099 * 97.6
1 J1916+12 289.0874999999999 12.42525 0.22736 * 254.4
1 J2008+31 302.14644 31.652979111111108 0.22611 * 222.9
1 J1905+08 286.38874999999996 8.958388888888889 0.21824000000000002 * 452.2
1 J1904+07 286.0338566666666 7.644559833333333 0.20896 * 275.0
1 J1858+02 284.57629166666663 2.6645555555555553 0.19763999999999998 * 496.7
1 J1948+25 297.0804166666666 25.87816666666667 0.19661 * 282.6
1 J1953+24 298.49628249999995 24.128891916666667 0.19341 * 80.8
1 J1848+03 282.18749999999994 3.8520833333333333 0.19144999999999998 * 353.3
1 J1911+10 287.90469999999993 10.8628 0.19088999999999998 * 448.2
1 J1913+10 288.38303625 10.83689813888889 0.19007 * 234.1
1 J1934+24 293.6558333333333 23.897083333333335 0.17844 * 339.2
1 J1915+1144 288.89205124999995 11.741854694444443 0.17365 * 338.3
1 J1907+05 286.98749999999995 5.985805555555555 0.16867 * 460.1
1 J1908+0833 286.98788499999995 8.556534527777778 0.16761 * 511.5
1 J1903+09 286.30117833333327 4.237178166666666 0.16631 * 362.9
1 J2006+31 301.55259958333335 31.028097527777778 0.16368000000000002 * 110.0
1 J1947+19 296.8262004166666 19.95930727777778 0.1575 * 176.5
1 J1906+0746 286.7028425 7.7745444444444445 0.144 * 217.8
1 J1915+1149 288.70032541666666 11.823115944444444 0.10004 * 702.1
1 J1856+02 284.2204166666666 2.748 0.08089 * 621.8
1 J1925+17 291.3800395833333 17.364304361111113 0.07565999999999999 * 223.7
1 J1928+1746 292.17698833333327 17.77407961111111 0.06872 * 176.9
1 J1936+18 294.0004995833333 18.10282825 0.05835 * 125.5
1 J1932+17 293.0106241666667 17.922364444444444 0.04182 * 53.2
1 J1853+0009 283.40786499999996 0.15809966666666667 0.033409999999999995 * 192.0
1 J1936+21 294.19817624999996 21.71847061111111 0.0316 * 73.9
1 J1857+07 284.2780358333333 7.589734722222222 0.02912 * 159.5
1 J1913+1102 288.3941108333333 11.049031194444444 0.02729 * 341.2
1 J2007+27 301.7722358333333 27.402940916666665 0.024489999999999998 * 127.3
1 J1851+00 282.76375666666667 0.17313461111111111 0.02283 * 107.4
1 J1933+17 293.33646916666663 17.468476888888887 0.02151 * 156.6
1 J1952+26 298.01759875 26.700404583333334 0.020730000000000002 * 316.3
1 J1914+07 288.58959416666664 6.991071638888889 0.018510000000000002 * 224.7
1 J1946+20 296.52724583333327 20.877962416666666 0.01695 * 93.8
1 J1949+31 297.3584270833333 31.092166388888888 0.01314 * 164.4
1 J1902+03 285.52137916666663 3.0135031666666667 0.00779 * 253.7
1 J1905+0451 286.25296458333327 4.884723749999999 0.00609 * 183.1
1 J1930+24 292.69372208333334 24.69272338888889 0.00577 * 69.7
1 J1943+22 295.83912583333324 22.16877527777778 0.00508 * 174.1
1 J1913+0617 288.3117904166666 6.285585222222222 0.005030000000000001 * 155.8
1 J1900+03 285.20666666666665 3.146138888888889 0.00491 * 249.9
1 J1955+25 298.98473125 25.44381638888889 0.00487 * 209.9
1 J2010+30 302.51381541666666 30.8621075 0.00481 * 133.8
1 J1850+02 282.6781204166666 2.7351404444444447 0.0044800000000000005 * 540.5
1 J1950+24 297.7035345833333 24.268493416666665 0.0043 * 142.2
1 J1844+01 281.17703624999996 1.2639714722222222 0.00419 * 148.1
1 J1957+25 299.40141666666665 25.265027777777778 0.00396 * 44.1
1 J1937+16 294.38205624999995 16.960666277777776 0.00395 * 105.9
1 J1944+22 296.008375 22.58063888888889 0.00362 * 184.7
1 J1850+01 282.51285874999996 1.410275611111111 0.0035600000000000002 * 119.1
1 J1928+12 292.1945966666666 12.779976833333334 0.00302 * 179.2
1 J1906+01 286.6949016666666 0.9176544166666666 0.00279 * 127.0
1 J1921+19 290.35845874999995 19.462915916666667 0.00265 * 64.8
1 J1938+20 294.67692666666665 20.21573775 0.00263 * 237.1
1 J0557+15 89.39566041666666 15.857141833333333 0.0025499999999999997 * 102.7
1 J1903+03 285.79799999999994 3.4790833333333335 0.00215 * 297.6
1 J1906+04 286.6856070833333 4.91723875 0.0020800000000000003 * 142.9
1 J1936+24 294.0069045833333 24.966724194444442 0.0019 * 94.5
