#@ GBNCC W50/P
#@ P0	 W50/P0
0.647292 0.193911
0.832741 0.0278408
1.081843 0.0462808
0.06494 0.0308466
0.028851 0.10106
0.386003 0.0563239
0.650434 0.0554851
1.679164 0.0686145
0.007987 0.0712553
0.719161 0.0343158
0.670037 0.045697
0.005162 0.240892
0.912 0.035675
0.515229 0.0973734
0.291341 0.0709129
1.240699 0.112811
0.002487 0.359815
0.255359 0.21305
0.3184 0.171635
0.332205 0.0415232
0.33732 0.110748
1.804694 0.0398333
0.778949 0.0333314
0.401625 0.0344691
1.576924 0.037524
0.947255 0.0339868
0.532577 0.0452142
0.464036 0.0398048
1.657428 0.041811
2.256488 0.0585904
0.709064 0.024051
6.443 0.295385
0.719454 0.0208203
0.001877 0.374325
2.111264 0.0237248
0.548939 0.0551899
0.368246 0.0349334
0.196321 0.0445819
1.442349 0.0735591
0.5105 0.111063
0.297982 0.0451517
0.739681 0.0282276
0.815181 0.0273167
0.230193 0.115563
1.039076 0.058519
1.874268 0.0523801
1.848918 0.0847177
1.961572 0.0401385
0.336337 0.0306645
1.267535 0.0397004
1.222948 0.0369898
0.892958 0.0797391
2.177 0.352872
1.567994 0.0409648
0.010377 0.23902
0.842408 0.0327081
0.317306 0.0514484
0.476734 0.0396544
0.825935 0.0276745
0.226477 0.0630003
0.407292 0.052899
0.372619 0.0299586
0.27245 0.0347692
0.594576 0.0486212
0.617307 0.0269969
2.414575 0.0965218
0.495369 0.0418049
1.423101 0.0241021
0.20098 0.0700775
0.30858 0.047316
1.276445 0.0237389
0.387016 0.0362428
0.343402 0.0601625
0.905066 0.0467577
0.559634 0.140755
0.991026 0.0493999
0.233651 0.069409
0.024575 0.0600366
0.251658 0.0627644
0.866349 0.0672786
0.378596 0.0272328
0.001557 0.222243
0.633411 0.0609019
0.20098 0.0633685
1.679164 0.0422198
1.600114 0.223959
0.915803 0.056212
0.138865 0.0405332
0.156384 0.0321799
0.587476 0.0477632
0.944783 0.0316732
1.118225 0.0241275
0.645302 0.0390023
0.136961 0.0491421
2.0919 0.502487
0.944783 0.0237946
1.146905 0.0316894
1.1064 0.402396
0.88755 0.121728
0.290108 0.0626987
0.562557 0.0228217
1.293099 0.0425273
0.855405 0.046038
0.529623 0.0278373
1.202851 0.0247878
0.915803 0.05421
1.217094 0.0398243
0.41487 0.0737908
0.580871 0.165001
1.071118 0.0925494
2.77346 0.133974
0.002323 0.390828
0.317306 0.0661365
0.040934 0.0443602
0.851013 0.0457893
0.281399 0.0322805
0.288219 0.0312433
0.88755 0.111309
0.739681 0.0381022
2.642223 0.0571023
1.961572 0.0353871
2.161308 0.0378124
0.438014 0.0456282
0.445944 0.0486704
0.006133 0.101708
0.354731 0.0427433
0.779628 0.0342447
0.330328 0.0529234
0.864872 0.0379401
0.612209 0.0749847
0.512211 0.048367
0.565369 0.0429785
0.851013 0.0478246
0.552169 0.0435626
1.273768 0.0255894
1.423101 0.0344608
1.600114 0.251036
0.495369 0.0383163
0.003889 0.174136
1.436309 0.0993967
1.227235 0.0286519
0.778313 0.0328504
0.233651 0.0641431
0.840887 0.0233437
1.656439 0.0240263
0.580187 0.037749
1.056844 0.137514
0.268217 0.0664665
0.768498 0.0447995
1.804694 0.0273114
0.618715 0.0581426
1.336 0.04145
0.709064 0.0282889
0.136961 0.0529146
0.0335 0.158493
1.116097 0.0748244
0.719454 0.0265649
0.520954 0.0697124
0.415812 0.109267
0.996009 0.0415141
1.2712 0.549364
0.842408 0.0293285
0.447517 0.0265232
1.442349 0.0293028
0.51016 0.0571014
1.172763 0.0551375
0.392703 0.0438723
0.860387 0.124245
0.384486 0.0292626
0.016052 0.106795
0.241642 0.0324793
0.101439 0.0381188
0.839394 0.0329264
0.832741 0.0311428
1.577286 0.0358884
0.682542 0.0364393
1.652861 0.0268676
0.719454 0.0403548
0.630512 0.0415598
1.181463 0.0700756
0.542935 0.115507
0.09613 0.0364719
1.292241 0.0420363
1.393617 0.0247274
1.683506 0.0373099
2.191986 0.0651524
1.014684 0.0445781
0.460974 0.0423548
0.364912 0.0486098
0.003683 0.100893
2.05743 0.052731
1.222948 0.0462333
0.216018 0.221254
3.032071 0.0237483
2.391396 0.0422495
0.091506 0.0269303
0.851078 0.0674915
1.848918 0.202637
1.7237 0.346477
0.221507 0.0434076
0.860387 0.168125
1.217094 0.0370523
0.476734 0.0481785
0.424311 0.0359169
0.008122 0.0853536
0.52427 0.0271946
8.509827 0.0200782
0.387016 0.0402529
0.670037 0.0436829
0.554261 0.115618
0.617036 0.0376569
1.164 0.0638655
0.512211 0.0490403
0.612132 0.206928
0.284054 0.0311744
2.18819 0.199232
0.008853 0.0369812
0.31247 0.104999
0.346522 0.0426622
0.191614 0.402166
1.0762 0.269751
0.915803 0.0553064
0.538431 0.0417721
0.541404 0.0374049
0.905066 0.0501652
0.001877 0.370376
1.931626 0.025441
0.426676 0.0352712
0.301458 0.0748118
0.532577 0.0327778
1.804694 0.0397162
2.477567 0.0516902
1.643622 0.025507
1.799 0.0393486
0.633411 0.0546117
0.392703 0.0452696
0.430627 0.0347535
0.370483 0.11722
0.447517 0.0256824
0.002294 0.173529
0.6544 0.0324579
1.267535 0.033825
1.096806 0.0407623
0.372619 0.028686
2.1281 0.196992
1.444653 0.0258262
0.529196 0.0473187
0.595201 0.034891
0.498149 0.0317218
0.236173 0.0443829
1.526085 0.0415866
0.419334 0.0270886
0.618715 0.0506054
1.030002 0.030226
0.144469 0.0352622
0.19567 0.144655
0.005162 0.0731495
0.512211 0.0551007
0.520954 0.0683094
0.395969 0.0461182
1.799 0.0387604
1.546938 0.0291716
0.778949 0.0297431
0.974724 0.0861618
1.364741 0.0276275
1.31 0.363807
0.630512 0.0451054
0.330328 0.0529354
1.238129 0.0390996
1.039076 0.0385308
0.425897 0.0638352
1.576924 0.0255818
0.004508 0.0574639
0.281399 0.0289529
1.273768 0.0387524
0.425897 0.048106
0.255426 0.139158
0.002885 0.200188
1.67443 0.364241
0.060822 0.0659498
0.537143 0.043401
0.714519 0.0255668
0.41487 0.0806438
0.401625 0.0418432
0.692113 0.146268
0.386003 0.0563239
0.696 0.0537871
0.041741 0.0533385
1.8785 0.0382689
1.423101 0.0344045
0.2692 0.0421202
2.417582 0.0388906
0.621976 0.0243124
0.322673 0.143712
1.216804 0.0434273
2.115171 0.0560482
1.382449 0.0454177
1.36586 0.286824
0.041741 0.049762
0.001877 0.380383
0.372619 0.0419002
0.003193 0.0840201
0.778949 0.0333314
0.402857 0.0320154
0.825935 0.0371379
0.472036 0.0432102
0.5744 0.0330615
0.791822 0.036986
0.9005 0.152357
1.874268 0.0539681
0.443054 0.0636458
0.166762 0.0369001
0.139524 0.10544
0.039122 0.0784107
0.27245 0.0384592
1.525265 0.0540895
0.009343 0.095126
0.09613 0.0441214
0.443861 0.0418928
6.82424 0.0382372
1.078953 0.0347973
0.793902 0.0374544
0.003193 0.0920521
0.387689 0.0395588
0.963017 0.0282275
6.445036 0.250733
0.367432 0.0478945
0.401625 0.0359646
0.954158 0.068342
0.00296 0.108935
0.912971 0.153043
0.620448 0.0548215
0.612209 0.0609517
0.216018 0.230105
0.230193 0.162437
0.580871 0.160111
0.650434 0.0624056
0.275641 0.0599466
0.912 0.0326132
0.597792 0.0650167
0.008122 0.0837723
0.484913 0.43812
1.382449 0.0573907
1.078953 0.0415993
0.529623 0.0322963
0.475067 0.0654823
1.235757 0.0567207
0.52427 0.0254849
1.75087 0.017986
0.593533 0.041638
0.874264 0.0419755
1.931626 0.0262645
0.515229 0.0909099
3.357 0.5378
0.336337 0.0382999
0.003193 0.103534
1.6645 0.0304043
0.41487 0.067191
1.931626 0.0263579
0.905066 0.0444635
0.778949 0.0254546
1.081908 0.0458375
0.221507 0.0462798
0.19567 0.145199
0.714519 0.0413821
0.563294 0.160622
0.001607 0.257511
0.69826 0.132729
2.0919 0.417638
3.07 0.0229997
0.548939 0.0569674
0.618715 0.0522704
0.529196 0.0424734
1.444653 0.0245718
1.319759 0.143927
0.518937 0.0273615
0.475067 0.0630738
1.431066 0.125753
1.058148 0.0411081
1.575886 0.039675
0.840887 0.0296721
0.002197 0.240993
1.224754 0.0417153
0.832741 0.0353685
0.315 0.0737745
0.221507 0.0486747
0.003934 0.1001
0.004201 0.10985
0.041741 0.0407542
0.876044 0.0465048
0.156384 0.0317108
0.597792 0.0631702
0.783185 0.043266
0.290108 0.0784788
0.53066 0.027573
1.451319 0.0518352
0.791822 0.0390887
2.161308 0.219127
0.006133 0.103529
1.211785 0.0446481
1.235757 0.058029
2.115171 0.0602971
1.385603 0.0471041
1.164 0.0549023
0.989831 0.0297587
1.49409 0.0657188
1.656439 0.0329367
0.004865 0.13537
0.552169 0.0435626
0.317306 0.0478797
0.230193 0.0813529
0.794996 0.0587333
1.599819 0.0399124
0.791822 0.0417753
1.283659 0.0292232
0.196321 0.0449146
0.015542 0.0932646
0.387689 0.0247074
0.330328 0.0516474
0.036804 0.048836
0.332205 0.0417974
0.827776 0.0528447
0.0335 0.117125
0.636985 0.058539
1.27226 0.0245325
0.004508 0.0574639
0.518937 0.0269456
0.782886 0.136913
0.181172 0.0625943
2.499468 0.0424707
0.239919 0.0500402
0.570264 0.0373169
0.002868 0.0630778
1.293099 0.0399144
0.637 0.0704241
0.066292 0.0812363
0.947255 0.0330719
1.934478 0.0433497
0.447517 0.0243062
3.088255 0.0329954
1.431066 0.067959
0.203568 0.0349265
1.456004 0.0276935
0.291467 0.0254405
1.436309 0.0841794
0.871682 0.0375905
0.957616 0.0323144
1.525265 0.0555734
0.039531 0.081081
0.002605 0.160702
0.598075 0.0325685
0.251658 0.0798969
2.0604 0.364385
1.337302 0.0271564
0.57142 0.0327471
0.421816 0.0399678
2.414575 0.085308
0.620448 0.0519603
0.011075 0.11191
1.181463 0.0768809
0.827776 0.0446071
0.430627 0.0375388
1.016948 0.0254046
0.482595 0.112614
0.38014 0.0560106
0.297982 0.0378659
0.40905 0.0311452
0.953384 0.186999
1.505874 0.130734
3.357 0.180444
0.001557 0.223248
0.002977 0.179776
1.257787 0.0496423
0.032817 0.0275788
0.559634 0.161917
1.045406 0.0399183
1.222948 0.043128
0.785521 0.0311373
1.373815 0.0523069
0.398173 0.0616957
0.002427 0.449699
1.81156 0.0426951
0.062452 0.047391
0.262025 0.0827607
5.013398 0.0319141
0.851078 0.0663537
2.229489 0.525621
0.495369 0.0432678
1.267535 0.0371424
2.391396 0.399907
0.842408 0.0401404
0.533917 0.140683
6.443 0.248088
0.682265 0.0241118
0.592885 0.105547
0.003139 0.148698
0.477157 0.0452766
0.320366 0.0453462
1.21444 0.0337581
1.409065 0.0285462
0.782886 0.136913
0.447517 0.0250897
1.030002 0.0334436
0.267439 0.0356208
0.538468 0.0243308
1.124835 0.0273954
0.729305 0.0393626
0.268217 0.0685595
0.217317 0.103908
0.963017 0.0324729
0.520954 0.0683094
0.377578 0.0259737
0.88033 0.0915339
6.94 0.195558
1.244418 0.0664307
2.642223 0.145258
0.007987 0.0420908
1.227235 0.0409372
0.570264 0.0328098
0.218711 0.0362498
1.476687 0.052597
1.045632 0.0667237
0.827776 0.0472917
0.535828 0.0447757
1.039203 0.049197
2.191986 0.11748
1.045632 0.062179
0.813386 0.0380183
0.464036 0.0338502
0.666804 0.0353663
2.111264 0.0216549
0.032817 0.0382785
1.855276 0.0349202
1.360737 0.0406236
0.477157 0.0474374
0.28307 0.0432673
1.206404 0.0250646
0.892958 0.0786788
0.343402 0.0598854
0.541404 0.0381819
0.460974 0.0453369
1.073566 0.0524794
0.864872 0.0343984
0.759777 0.0304811
0.421816 0.0374755
0.565369 0.0409681
0.620448 0.0548435
1.21444 0.0289105
1.442349 0.044235
1.181463 0.0773418
2.256488 0.197121
0.003061 0.0753955
0.602227 0.0286806
0.003788 0.103418
0.091506 0.03708
0.88033 0.0915339
0.557953 0.0408518
0.495369 0.0363063
0.477715 0.136735
0.002868 0.0701848
2.351744 0.0384569
0.337854 0.0748108
0.2839 0.0652684
0.216018 0.255146
0.538431 0.044938
0.643181 0.0397263
0.682265 0.0368168
0.003597 0.170157
0.88033 0.0888212
1.240699 0.267913
0.006133 0.115314
1.19 0.0467501
0.504604 0.0381873
0.620448 0.0517887
0.793348 0.0591612
0.395969 0.0461213
0.959447 0.0297743
0.217317 0.127481
0.589195 0.0315548
1.1064 0.217381
0.963017 0.0249489
0.399192 0.0925846
0.378596 0.0238692
5.013398 0.0303453
0.580187 0.0307895
0.003084 0.0823476
0.557953 0.0334177
0.529196 0.0453826
1.092348 0.166366
1.373815 0.0518548
1.014684 0.0410927
1.360737 0.0299289
0.251658 0.0474913
2.074377 0.0261666
4.476722 0.303599
2.34348 0.168394
0.36169 0.0994393
0.475067 0.371317
1.358726 0.158992
0.40905 0.0383802
0.592885 0.102142
0.431887 0.0688434
0.533917 0.140683
0.51016 0.0438809
3.465037 0.0473924
0.431887 0.0462422
0.440283 0.0718415
1.016948 0.0229156
0.004865 0.150238
0.217642 0.0683453
1.004592 0.054347
0.92149 0.0259053
1.81156 0.07836
0.686704 0.0802596
0.003061 0.117736
1.31 0.285138
0.709064 0.0405774
0.883883 0.504418
0.20098 0.0567034
1.382449 0.0491383
1.567994 0.0402202
1.855276 0.0444353
1.15059 0.0322732
0.003084 0.0892366
0.003861 0.134096
1.8785 0.0244403
0.518109 0.0522251
1.546938 0.0342688
0.592 0.074908
0.709064 0.0276779
0.717311 0.052425
0.039122 0.112423
3.07 0.0222837
0.31247 0.123858
0.859368 0.347575
0.974724 0.140097
0.390715 0.0216662
1.804694 0.0329075
1.609019 0.0226961
1.609019 0.0281969
0.004808 0.0728896
0.548879 0.126416
1.238129 0.0282114
0.538468 0.0241716
2.279661 0.0326821
0.438014 0.0462886
0.005255 0.121934
3.442308 0.022925
2.279661 0.0346729
1.238129 0.0248501
1.358307 0.162575
0.006133 0.120855
0.959447 0.0350134
0.682542 0.0456018
1.244418 0.0576974
0.039531 0.110884
0.397584 0.0675345
1.762 0.0283255
1.392715 0.139942
1.775343 0.0360643
0.612209 0.0381488
0.785521 0.02872
0.542935 0.0541238
0.617036 0.0373103
1.567994 0.0359655
1.703945 0.04884
1.216804 0.032994
0.002323 0.424446
1.077924 0.0256016
0.731462 0.0673875
0.782886 0.13477
0.6544 0.029203
1.436309 0.104489
1.211785 0.0442768
0.003061 0.0753955
0.475874 0.06642
0.668407 0.0656387
1.0762 0.212536
0.022699 0.237456
0.94295 0.0605973
0.401625 0.0344691
0.284054 0.0336672
0.09613 0.0416366
0.19703 0.0746028
1.703739 0.038524
0.92149 0.0275744
0.53066 0.0344168
0.477157 0.047065
1.386368 0.0577199
0.419334 0.0309453
3.088255 0.0371319
0.00302 0.194233
0.00238 0.191629
1.071118 0.0653188
0.02226 0.0448324
0.864872 0.0419396
0.619198 0.0268749
1.40473 0.115007
0.815181 0.036386
0.443054 0.0652774
1.424 0.708397
0.589195 0.0430541
0.504604 0.0261704
1.643622 0.0257184
1.241 0.221231
0.402857 0.0291294
1.096806 0.0327427
3.07 0.307384
0.5744 0.0290019
0.617307 0.0660488
0.216018 0.15622
0.19703 0.0731085
0.595201 0.0344954
0.288219 0.0248002
0.557953 0.0305991
0.002159 0.117205
0.144469 0.0377713
0.871682 0.0295031
0.778949 0.0254546
0.124836 0.0843511
0.368246 0.0391096
3.901 0.171038
1.526085 0.0361679
0.687 0.03884
6.445036 0.194705
0.923833 0.031044
0.297982 0.0473896
1.222948 0.0394448
1.360737 0.0381914
0.947255 0.03512
0.288219 0.0270948
0.860387 0.152656
0.598075 0.0410016
0.638565 0.047544
1.643622 0.0246968
0.407292 0.055692
0.477233 0.0365319
0.438014 0.047098
1.888 0.0299026
1.118225 0.0350432
0.340729 0.0468382
0.476734 0.0406964
1.224754 0.0314543
1.011691 0.0256986
0.386003 0.0489935
2.0604 0.0301597
0.5744 0.0312015
0.407292 0.0488739
1.014219 0.186384
0.617307 0.0494324
2.161258 0.0330117
0.390715 0.024112
5.013398 0.0324919
2.303299 0.0341286
0.003084 0.105114
0.535828 0.0285043
0.538468 0.0245523
0.457526 0.132687
0.630512 0.0427103
0.94295 0.0716688
1.116097 0.0478255
2.517945 0.0261083
0.6544 0.0290908
0.975409 0.024224
0.38014 0.0677942
0.332205 0.0374099
0.52415 0.223335
0.002427 0.35488
0.370483 0.0963633
1.874268 0.0568901
2.161258 0.0373709
0.430627 0.0354338
6.443 0.0981858
0.415812 0.164007
0.386003 0.0536647
1.392715 0.153497
1.637129 0.302714
0.340729 0.0500404
0.643181 0.0290814
2.0919 0.603278
0.538431 0.0486023
1.337302 0.0380986
0.975409 0.0378262
0.101439 0.0450845
0.003061 0.119739
0.399192 0.0866631
0.255426 0.187821
8.509827 0.0257601
0.386003 0.0509509
0.682542 0.0395201
1.124835 0.0335476
0.840887 0.065635
1.081908 0.055452
0.570264 0.0215696
2.477567 0.038225
0.196321 0.0416388
1.281719 0.0344858
0.931089 0.0404185
0.535828 0.0249341
0.239919 0.0437012
0.033781 0.0423361
0.346522 0.0382066
0.659432 0.136737
0.340729 0.0421959
0.002885 0.208575
0.666804 0.0285904
0.559634 0.140755
0.957616 0.0235169
1.703739 0.02733
0.367432 0.0430841
0.568387 0.0429931
0.376386 0.0451035
0.52427 0.0406154
1.07393 0.175576
0.002977 0.120003
0.460503 0.191303
0.570264 0.0227208
0.040934 0.0450825
6.445036 0.264074
0.785521 0.0286258
0.275641 0.0752605
0.851013 0.0477965
1.3086 0.152491
0.028851 0.10106
0.650434 0.0577576
1.336 0.0440664
0.00332 0.386409
1.091008 0.0439944
0.002677 0.0654536
0.354731 0.0467367
1.600114 0.268486
0.004201 0.105305
1.442349 0.0558859
1.124835 0.0392048
0.88033 0.0888212
0.670037 0.0473579
1.21444 0.0274869
0.947903 0.0379364
1.116097 0.0521851
0.778949 0.0297431
0.592 0.080609
1.934478 0.039164
0.236173 0.0435974
0.619198 0.0291718
0.598075 0.0316218
0.472036 0.0453215
1.276445 0.0352884
1.118225 0.0252772
1.75087 0.034591
0.744295 0.432754
1.2712 0.533826
0.692113 0.166369
0.542935 0.0847795
0.944783 0.0430428
0.003084 0.0791652
0.007645 0.0748669
0.00439 0.0512453
0.016052 0.113834
3.763733 0.090748
0.482595 0.0866818
0.322673 0.0845705
0.729305 0.0487281
0.554261 0.0531804
0.866349 0.0801127
0.032817 0.0291139
1.36656 0.524842
1.27226 0.0283694
4.061 0.178726
0.001607 0.29848
1.217094 0.0252825
1.202851 0.0258089
0.504604 0.0376652
0.696 0.0547428
1.424568 0.040404
1.283659 0.0273473
1.077924 0.0252608
0.450448 0.0418843
0.320366 0.0896596
0.166762 0.0442034
0.024575 0.0584564
1.464664 0.0571912
1.358307 0.0459343
0.002323 0.429121
0.621976 0.0266717
0.839394 0.110513
0.424311 0.0403407
0.922474 0.035708
0.537143 0.0520547
0.101439 0.0486011
1.004592 0.061209
1.083513 0.0390528
1.382449 0.0473981
0.27245 0.0263503
2.256488 0.0731576
0.307682 0.0448621
0.592885 0.102094
2.391396 0.0544189
1.337302 0.031179
1.89312 0.0274853
1.27226 0.0274697
0.426802 0.0319617
1.575886 0.0243757
0.562557 0.0242534
0.003193 0.106878
0.578364 0.0268055
0.792659 0.322294
1.211785 0.0448793
0.444645 0.0389972
1.577286 0.0274667
0.001877 0.36881
0.36169 0.0850993
0.686704 0.0810336
1.1669 0.127146
1.602227 0.0511751
0.022699 0.081238
0.458488 0.0767599
1.283659 0.0330204
0.003148 0.118826
0.001557 0.232319
0.004201 0.0582391
0.783185 0.052256
0.719161 0.0243525
1.058148 0.0406331
0.421816 0.0420506
1.273768 0.0260347
0.933161 0.0238077
0.425897 0.0517958
0.645302 0.0487583
0.617036 0.0373103
0.022699 0.0787738
0.518937 0.0251535
0.538468 0.0242477
2.256488 0.0665593
0.395785 0.0349715
1.424568 0.0378847
0.851078 0.06895
0.657873 0.0545466
2.517945 0.0251138
0.868735 0.0278426
0.438014 0.0472383
1.386368 0.0553517
0.617307 0.0503693
0.431887 0.0559166
1.679164 0.057739
1.7237 0.347158
0.002021 0.0999943
1.358745 0.0519449
0.401625 0.0354711
0.051623 0.200849
1.456004 0.0276935
0.793902 0.0286971
0.33732 0.0662278
0.520954 0.0697124
1.360737 0.404997
1.216804 0.0291262
1.49409 0.043426
1.015257 0.0386671
0.011075 0.124998
0.498149 0.0272556
0.832938 0.0334278
0.594576 0.0416574
1.071118 0.0952083
0.136961 0.0516027
1.292241 0.0434373
0.477715 0.144089
0.594576 0.050107
0.291467 0.0393817
1.679164 0.0295021
0.016052 0.104887
0.717895 0.0474869
0.959447 0.0344038
2.454609 0.275503
0.101439 0.0491835
0.002868 0.0682038
0.537143 0.0508821
2.232969 0.0341243
0.579 0.0493103
1.073566 0.0547977
3.953852 0.020599
0.28307 0.0427853
0.046685 0.108815
0.88755 0.118071
2.161258 0.0315995
0.405737 0.0324617
1.708233 0.0278981
2.111264 0.16477
2.477567 0.0282699
0.003934 0.0778144
0.00273 0.127276
1.030002 0.0270387
0.832938 0.104197
2.232969 0.0277437
1.409065 0.0266826
1.34335 0.0258186
0.682265 0.0298406
1.29687 0.30531
0.953384 0.0271686
0.276027 0.0238892
1.334449 0.0331441
1.796249 0.0357134
1.657428 0.0406473
0.241642 0.0538845
1.46682 0.0305115
0.421816 0.0355411
0.354236 0.161917
0.871682 0.0321352
0.003061 0.0990309
0.002977 0.241813
0.022699 0.0801464
0.923833 0.0354657
0.659432 0.12647
0.754 0.0787755
0.621976 0.0324932
1.083513 0.0443117
0.349433 0.0387669
1.096806 0.0304819
0.924944 0.0369034
0.349433 0.0305461
1.46682 0.0380927
1.206404 0.0242886
1.473 0.0295269
0.924053 0.0421871
3.032071 0.033122
0.579 0.032631
0.387016 0.0351526
0.744976 0.0488762
0.284054 0.0287555
0.931089 0.0328635
0.003788 0.0879864
0.28307 0.0382599
1.174875 0.0482516
3.953852 0.0222722
1.161743 0.0896624
0.477715 0.144089
0.288219 0.0413957
0.597792 0.0720562
0.874264 0.0470951
0.297982 0.0461033
0.00585 0.213559
0.477233 0.0298951
0.19567 0.0648088
0.326271 0.0728708
0.426676 0.043074
5.013398 0.0249445
0.386003 0.0536647
0.717311 0.0601537
1.016948 0.0327243
0.931089 0.0356109
0.367432 0.0478921
1.066371 0.55834
0.783185 0.0470963
0.384486 0.037485
0.368246 0.0397797
2.229489 0.0309217
0.457526 0.0835004
1.609019 0.0271868
0.356928 0.0882635
0.548879 0.0935239
0.354304 0.0637157
1.216804 0.0379323
1.703739 0.0338296
1.099651 0.0525589
1.888 0.0380218
0.003593 0.158408
0.498149 0.0282455
1.358745 0.0455268
1.19 0.0335314
1.15059 0.0320159
1.202851 0.0285821
0.861379 0.379712
2.414575 0.0619794
0.518937 0.0359533
0.974724 0.140097
0.69676 0.0425337
1.333964 0.0358087
1.081843 0.0462808
0.002159 0.112921
0.003233 0.247447
1.358745 0.0369699
1.602227 0.056227
2.417582 0.0266636
0.729305 0.047143
0.166762 0.0440318
2.05743 0.052731
3.032071 0.0238278
0.684013 0.160744
4.30124 0.0240713
0.236173 0.0402239
0.933161 0.0290387
1.652861 0.0261521
0.778313 0.0303387
1.703739 0.0257096
2.191986 0.120249
1.464664 0.0591754
0.842408 0.0309682
