#@ Parkes Duty Cycles
#@ P0		W50/P0
0.251658714181 0.0496704
1.79624970117 0.0111343
0.320366370454 0.019665
0.311673518473 0.0195718
0.121116349354 0.0478878
0.541404373627 0.00905054
1.7039457055 0.0334518
5.9774927370 0.00451694
0.0646861308252 0.115944
0.57507238258 0.019128
0.441995130786 0.0115386
0.950288537028 0.00726095
0.00968 0.0816116
4.3921587127 0.0141161
0.087545204308 0.0559711
0.3315855987755 0.0138727
0.472834279266 0.0158618
0.203556697536 0.0176855
0.2556770984252 0.0176003
1.66117674023 0.0102337
7.7336402649 0.0050429
0.7775009067 0.0321543
2.1335912144 0.0145295
0.442900630729 0.016708
0.139881677595 0.328849
0.0878341561432 0.0478174
0.1073864584588 0.0726349
0.162498709997 0.270771
1.23830534423 0.0153436
0.140479910179 0.0996584
0.67002629761 0.0776089
1.6437260020 0.0219015
0.306410837119 0.0326359
2.40762231135 0.0087223
0.579576736318 0.0141483
0.288601695277 0.0242549
1.231304776630 0.00568503
2.2023250770 0.0149842
0.180591500693 0.060911
0.383830423532 0.0260532
0.346908957903 0.0138365
1.8400035414 0.0119565
0.9475584093 0.0242729
0.099660833480 0.0602042
0.44863544246 0.0162716
0.67608189374 0.0236658
0.616270272343 0.0259626
0.396586748928 0.0138683
2.7179341360 0.00993402
0.252773323418 0.0367919
1.7993956675 0.0144493
0.064961851894 0.16933
0.259776659501 0.0207871
0.50509714918 0.0176204
1.1552719604 0.0528014
0.40796298356 0.0588289
0.64023374765 0.0156193
0.185559973402 0.0808364
0.47909858452 0.0271343
0.0026303807397848 0.0798364
0.51598351050 0.180238
0.162323475501 0.0246422
0.68098383242 0.0234954
0.175166247082 0.0279734
0.117563794023 0.102072
0.3938988148378 0.0111704
0.55838338569 0.0537265
0.98778306934 0.0334081
0.85066494337 0.0117555
0.00372 0.212366
3.5599372320 0.0148879
3.2410285031 0.0114161
1.7898294664 0.0089394
0.37656956576 0.0254933
0.28201171065 0.0209211
0.288409420325 0.016643
0.66748553354 0.314614
0.59213602908 0.0219544
4.2370102164 0.0092046
0.433083926199 0.0346353
0.90982270118 0.0103317
0.37404678583 0.0401019
0.78921201205 0.073491
1.0811635266 0.025898
0.58576120812 0.0170718
0.626323941978 0.00622681
1.3512362992 0.136912
0.0882819082341 0.124601
0.5647593892 0.100928
0.75689193363 0.0158543
0.256777653406 0.0389442
2.11097411794 0.0142114
0.47122487769 0.0254655
1.5468189400 0.0135762
2.2830933508 0.0271561
0.198335136357 0.0605037
0.43444487308 0.0253197
0.82333927128 0.0242913
0.184502203069 0.01897
0.65797363034 0.0130704
0.18452809509 0.151738
0.66382964770 0.0165705
0.9678462129 0.0960896
2.3066415539 0.0164742
0.42776184224 0.037404
0.47823093284 0.0397298
0.98190211848 0.0336082
4.9624272525 0.101765
3.65120 0.000547765
0.4646997488 0.0126964
0.6194535568 0.0419725
0.398292162785 0.0251072
2.43743249609 0.0139491
2.9483896038 0.0200109
2.64219851320 0.00454167
0.26127055606 0.0459294
0.421118114249 0.0308702
1.27905759523 0.0203275
0.50605841373 0.0171917
2.7642094208 0.0123001
0.8441085753 0.0852971
2.48380369300 0.00724695
0.280677974168 0.0463164
1.5652179638 0.0198055
0.207953012189 0.0577053
0.55817922185 0.04658
0.627285365870 0.0146664
0.54010232140 0.0536935
1.25308459010 0.0215468
0.609961754304 0.0180339
0.9277722389 0.0851502
0.259362860073 0.0239047
2.951938334 0.0193093
2.0386738254 0.0142249
1.21338122674 0.017307
0.276603043150 0.0686905
0.166108327507 0.0903025
0.39917017693 0.0450935
0.61757468514 0.0210501
0.28834924425 0.169933
0.213074653776 0.0750911
0.49234420664 0.0426531
0.7016149492 0.0812411
0.52915639797 0.0226776
0.315224970657 0.0380681
0.28562462018 0.129541
0.29240770249 0.0786573
0.29558048193 0.0439813
1.6725956812 0.0382639
0.03411713084786 0.038104
0.06817987659 0.136404
0.770374845874 0.0285575
0.366734060217 0.0327213
1.02350369913 0.0664385
0.35326292024 0.0200983
0.70786760576 0.0135619
0.50173030987 0.0219241
0.76391483053 0.0183267
1.9544296353 0.017908
0.30636786268 0.0179523
0.96334832315 0.0197229
0.472995435514 0.0401695
0.009347972210248 0.117673
0.46761632345 0.0363546
1.17584002290 0.0153082
2.7602279448 0.0170276
4.7585755679 0.00441309
0.463329577191 0.0323744
0.38662501748 0.0284513
0.1549913579183 0.0270983
0.04524877299803 0.0640901
1.4986374368 0.0413709
0.39073936418 0.0214977
0.7829485661 0.0319306
0.535504397790 0.0134453
0.66810515091 0.0329289
0.84210384000 0.0344376
0.41298519981 0.0266353
0.088921760489 0.0528555
0.33903844870 0.0383437
0.2003836959221 0.0294435
0.30151055002 0.0530661
2.0405315742 0.0539075
0.97345803480 0.0215726
1.046117156733 0.00315452
0.148796488226 0.0322588
0.28664619650 0.108147
0.214924800284 0.0186112
0.51875778474 0.0809626
2.15430706064 0.0116047
1.25405163056 0.0175431
1.3896046876 0.00719629
0.078218548881 0.153416
1.11604861927 0.0197124
0.96104262694 0.013527
1.01169421772 0.0148266
0.28034866206 0.0891747
0.30188789663 0.0430623
0.8912645399 0.0628321
0.8222487311 0.0510794
0.278956721152 0.050187
0.0842016828855 0.0688822
0.44382460830 0.0585817
0.56673415672 0.0165863
0.307177662775 0.0188816
0.8814384311 0.0408423
0.55784066031 0.0233041
1.52812410566 0.0150511
0.43046412386 0.155646
0.27672613726 0.0397505
0.39573063893 0.21732
0.104674920844 0.105087
0.84398039688 0.0545036
0.506568335296 0.00927812
1.27284159978 0.0141416
1.00495831813 0.0228865
0.61291628569 0.0228416
0.29583755345 0.0473233
1.7838649877 0.0196203
1.20756776526 0.044718
0.6442550645 0.0232827
0.37711856263 0.0397753
0.58083988615 0.0151505
0.00780 0.0858974
0.64719774666 0.0602598
0.242190323768 0.0536768
0.14565471947 0.0823866
0.602738077704 0.0199091
0.170933992695 0.0438766
0.49777239400 0.0261164
0.74965894957 0.0146733
1.42112434544 0.0598118
0.453394164640 0.136746
0.0062843113814174 0.143214
0.1252295584025 0.00798534
3.418039313 0.0184316
0.99468068673 0.0291551
0.59457526355 0.0370012
1.12234168628 0.00846445
1.2476661740 0.104195
2.559356631 0.0242248
0.288456511543 0.0256538
0.81999003685 0.0353663
0.527465874211 0.0208544
1.0136087473 0.0256509
0.34272279247 0.0583562
0.249608954839 0.0224351
1.2794023539 0.0781615
0.48111885215 0.0872965
0.78646802352 0.0559463
1.296850239 0.0254463
0.66643792285 0.0270093
0.3545503166464 0.00789733
0.48331051132 0.258633
0.45750181782 0.030601
0.65522059567 0.0473123
1.5340081422 0.0443283
0.57259227192 0.0244502
0.360957675308 0.0180077
1.2195938825 0.180388
1.0258308926 0.0419172
0.567080221721 0.0135783
0.20355287786 0.05404
1.15636028782 0.0224843
1.08401994353 0.0184498
0.37192413884 0.0457082
0.457681471040 0.0214123
0.26507223569 0.0641335
1.0729678942 0.0316878
0.72573215540 0.0151571
0.233164076390 0.0347395
0.8712426056 0.195124
0.44872324857 0.0401138
0.46033949229 0.02824
0.370141128114 0.0324201
0.29392818864 0.193925
0.140745806053 0.0653661
0.35246421320 0.0397203
0.86597096270 0.0496552
4.1375385239 0.0580055
0.55907133302 0.0178868
0.55124125377 0.0253972
1.0468098769 0.0171951
1.70915449528 0.0105315
0.228564097816 0.0918779
0.81345283358 0.0528611
0.71083007880 0.0675267
0.507356002674 0.029565
1.5947455499 0.0470294
0.67196419932 0.059527
0.20664850874 0.0483913
1.2046438889 0.0365253
0.43036655800 0.0395012
0.77136654042 0.051856
0.252869846841 0.0553645
0.154027427712 0.11037
1.16574138660 0.0180143
0.8373653018 0.0800129
0.69826060054 0.0816314
0.77113024025 0.0800124
1.12194419355 0.0303045
0.1178015507206 0.0475376
0.278137287280 0.0276842
0.7639335 0.0706868
0.340502709437 0.0381788
0.58755897769 0.040847
0.178352043293 0.0841033
0.73909894649 0.017589
0.237383081875 0.0379134
1.34789947290 0.0155798
0.717508089981 0.0209057
0.12596223249 0.319937
0.8406799814 0.22006
0.530075207410 0.0282979
0.62963153567 0.0667057
0.164949668359 0.0727495
0.262025692969 0.0305314
0.87071155949 0.0298606
0.55701875796 0.0323149
0.29769219971 0.0604651
0.308917678787 0.024602
0.309398365719 0.0646416
0.38086979928 0.0191667
0.1563993674972 0.0242968
0.51744320409 0.100494
1.01937155664 0.122625
0.61255824122 0.022855
0.41927974137 0.250429
3.0595096022 0.0245137
0.93916547876 0.019166
1.27394512577 0.0149143
1.1015546927 0.028142
1.19343919921 0.0800208
0.730133707454 0.0273922
0.60960714201 0.0213252
1.1664490044 0.0831584
0.416873770089 0.0311845
0.47438143461 0.0231881
0.353293033439 0.0509492
1.49409061528 0.0147247
0.560503533065 0.0249775
0.283791853785 0.0563793
0.57836343922 0.0224772
0.80430423739 0.160014
0.390327976785 0.0358673
0.182135802939 0.0823561
0.227564958458 0.180168
0.215507334229 0.0371217
0.24052386477 0.0665215
2.1235057036 0.034848
6.443 0.00139686
1.74729348943 0.00686776
0.8544816637 0.0257466
0.318941483436 0.02571
0.8610674067 0.0510994
0.58628740134 0.0443469
0.6169790441 0.0259328
0.89059449625 0.0134741
5.7637770030 0.00209932
0.26647363743 0.0236421
1.2257819960 0.0326322
1.29783683782 0.0130987
0.447857060325 0.0379585
0.58698616319 0.0323687
1.735898235 0.0288035
0.286561228631 0.0418759
0.46536464559 0.0515725
0.1026182883472 0.068214
1.6001140423 0.0106242
1.26021405926 0.047611
0.7796281140 0.141093
0.92810750775 0.0668026
0.27848105467 0.0305227
2.0721529918 0.040055
0.57374535892 0.0453163
0.63031371285 0.0222112
0.31181276456 0.156825
1.03606727254 0.0115823
0.68241862653 0.0322383
1.1494989184 0.249674
1.08552061541 0.276365
0.39785744656 0.103052
0.34992850807 0.108594
1.2893787775 0.0744545
3.3785742533 0.0384778
0.0746699205656 0.0522299
0.59047278772 0.0186291
0.23547520029 0.0242064
0.351124633722 0.0213599
0.2185540958272 0.0169294
0.001855732795729 0.107774
0.6250339127 0.0799957
0.2027219378604 0.0384763
0.94823697410 0.0337468
1.42199 0.00414911
1.2217076921 0.0196446
1.3091087873 0.0213886
1.257787625 0.0302118
1.0324711993 0.0319622
2.0623862583 0.015516
0.004791822704 0.180516
1.46507137487 0.034128
1.11013244403 0.0495436
0.287431567184 0.0271369
0.88277826565 0.0226557
1.29309994235 0.0696002
0.0270831832440066 0.0664619
0.61553824309 0.0131592
0.866342509 0.115428
1.5384267263 0.0149503
3.2702418032 0.0165125
0.75304798900 0.0252308
0.33288667881 0.0420564
2.18400134708 0.018315
0.323434055969 0.0649282
0.65979414168 0.0545625
0.76818455674 0.0156212
0.362051962860 0.0441926
1.24591463402 0.02753
0.561778329077 0.0249209
1.169340685 0.427591
0.35096322944 0.534244
2.64222343904 0.0227081
1.59241948019 0.0131875
6.4450360861 0.0224979
0.50280278290 0.0298328
0.76867227339 0.0195142
0.45043236999 0.0364095
0.81627308018 0.0514534
0.34959099098 0.0343258
0.4433980218 0.0527743
0.54949769829 0.0618747
0.73037251102 0.124594
1.81846119286 0.0236464
0.11436793182 0.0533366
0.239317178406 0.0785568
0.87756123714 0.0609644
0.341772476799 0.0275037
1.69265634040 0.0177236
0.570313411724 0.0156055
0.515000656402 0.0213592
0.346796929142 0.0403694
0.89295866978 0.0472586
0.223557828541 0.0478623
1.89374869377 0.0210165
1.0163491951 0.0649383
1.24250830909 0.0603618
0.193105399932 0.0585173
1.06606087128 0.0150085
0.172444360995 0.0197165
1.160592538166 0.0120628
0.500254454491 0.131933
2.7800791979 0.00981986
0.87448588170 0.0104061
1.33538779057 0.0347465
5.639047079 0.0638406
0.712794036774 0.0134681
0.89937672140 0.0355802
0.39483578357 0.0691427
0.54822710380 0.0153221
0.1910366935341 0.0371656
0.64022949952 0.0179623
0.0629548889725 0.174728
0.0951378086771 0.0315332
1.3204904144 0.0272626
0.361690595821 0.0331775
0.392703893399 0.0104404
0.73374443871 0.0163545
0.322231178915 0.0186202
1.1759678772 0.0113949
1.00451255339 0.0199102
0.233540625445 0.0642287
0.26195467832 0.0908554
0.40498030096 0.0469159
0.0284615890259983 0.0274054
0.72451374873 0.0248442
0.1853101015788 0.0124116
0.69255157815 0.0303227
0.430278250497 0.0385797
2.1072633712 0.0569459
1.20289346322 0.0129687
0.76670638621 0.00573883
0.79845156695 0.0237961
0.73150547250 0.0464795
0.254720352269 0.0769471
2.8433888097 0.0133292
0.81071772906 0.0758587
0.55888867754 0.0400795
0.95654854873 0.0163086
1.07895331831 0.0148292
1.7992724923 0.0500202
0.0036250967171671 0.115859
2.5504982104 0.0164282
1.10872484960 0.0360775
0.4381131572 0.107278
0.375296924221 0.0255797
1.3856036231 0.0346419
0.51467137652 0.0170983
0.0126475935865227 0.0292546
0.56900709018 0.0390153
0.536595822673 0.0354084
2.86433773648 0.00893749
0.443648922251 0.0270484
0.57051063348 0.0478519
1.1812692298 0.198939
0.40576948790 0.0648151
0.357806774953 0.0368914
0.661401759025 0.0166313
0.66830920992 0.0508747
0.8797908756 0.454653
0.481789349 0.0547957
2.76419486975 0.00144708
0.596993202504 0.0130655
0.544549207067 0.0400331
0.24103454795 0.27382
0.895285284345 0.0122866
1.12448108944 0.0489114
0.082746885746 0.217531
0.43481138633 0.106483
0.217213500357 0.0644527
0.153716278369 0.0884747
0.032822244860022 0.219363
0.1041819547968 0.224607
0.55746361200 0.0299571
0.415812941402 0.0408838
0.43099098078 0.0649666
1.22335230807 0.0322066
0.426466240565 0.0307176
0.328514216183 0.0639242
0.0044300116286341 0.148984
1.37786849563 0.0297561
0.95746393536 0.0292439
3.975905188 0.0231394
0.1984357331818 0.146143
1.24992353738 0.0203212
0.2176426911444 0.0284871
0.594499815819 0.0420522
0.438095346909 0.0456522
0.224603837185 0.093498
0.54479952470 0.0458884
0.28137130037 0.159931
0.9396900396 0.138769
0.55113377674 0.0493528
0.952708902877 0.0272906
0.852047483505 0.0234729
0.301489849278 0.0328369
0.29416251457 0.319891
1.38813712856 0.046105
1.51569599263 0.0151745
1.7884904528 0.0653065
4.2631640329 0.000703703
0.226538990075 0.0304583
0.39352163764 0.0800464
0.337320795791 0.0266808
0.333242850831 0.0840228
0.414111049843 0.0241481
1.6560095697 0.0597823
1.91513066964 0.0193198
2.50451781786 0.0123776
0.97470037336 0.0287268
2.0710402725 0.0506992
0.8311557274 0.138362
1.8465342015 0.0124558
0.61710720555 0.0560681
1.62540547240 0.0252245
1.63679245172 0.0211389
2.49946826743 0.0080017
0.362492078224 0.0297938
0.359394162457 0.0275464
0.41222995857 0.0436649
1.16174310971 0.0111901
1.50587455169 0.0119532
0.770620171033 0.00259531
0.382072812116 0.0350718
0.270502039371 0.0369683
0.512547817784 0.0380452
0.269414732063 0.0371175
0.1531969792414 0.0567896
0.246327587410 0.0608945
0.072051632709 0.137401
0.86033211599 0.040217
0.514523069504 0.0544193
0.318400873408 0.0222989
0.34569803402 0.0269021
6.2215526663 0.0099975
0.74718766820 0.0508574
0.77149252038 0.0142581
0.612132963973 0.0228708
0.0672668461152 0.118929
2.8579410013 0.0342904
2.1656793503 0.0217484
0.507945195243 0.0452805
0.533917296 0.0132979
0.74429541939 0.036679
1.5215451697 0.0453486
0.48345888008 0.0856329
0.63364029817 0.038192
0.48791359170 0.0344323
0.31731488279 0.320187
0.51297990872 0.0584818
0.788353566535 0.0228324
0.610258781957 0.103235
0.358306049291 0.0390727
1.46565577133 0.0313853
0.005116387644239 0.0390901
0.84186451859 0.0178176
1.08774918841 0.0211446
0.8591920352 0.0484176
0.145346822521 0.0502247
0.37953610601 0.0105392
0.302449584070 0.0188461
0.67048566238 0.0253548
0.45724503044 0.0284311
0.1787563517731 0.0134261
0.47351252978 0.111929
0.201062574029 0.0532173
0.09629420774 0.135003
1.87601852435 0.0130063
0.38083077683 0.0333481
0.235303200419 0.0297489
0.92717774151 0.0388275
1.21835359632 0.0136249
0.93326558076 0.0139296
0.238777817900 0.0226152
0.520939679547 0.0134373
0.149460655762 0.0428206
0.58531903782 0.0199891
0.48491367908 0.0478436
0.449548149848 0.0424871
0.418968843399 0.0405758
1.91142802251 0.0136024
0.79747807530 0.0125395
0.85936846681 0.0186183
1.8933526999 0.0195421
0.4378690017 0.319959
0.955672135909 0.0104638
1.096439972228 0.0200649
5.3093766847 0.0339023
0.94096161661 0.0116902
0.754470427192 0.0198815
6.5975626227 0.000394085
0.663321097981 0.0316589
1.6576564582 0.0355924
0.44574893108 0.0291644
1.3345572305 0.0134876
1.05422825038 0.0202992
3.08825579295 0.016838
0.40491964372 0.106194
0.233326206679 0.0167148
0.56447537999 0.0938925
0.313016401038 0.0415314
0.344642757467 0.022342
0.88033048188 0.0295344
0.78259846861 0.0244059
0.66987238665 0.025378
2.02752438872 0.0118371
0.132313618371 0.126215
0.78193369973 0.0153466
0.75496337007 0.0741758
0.191614063108 0.0245285
0.475392526561 0.0189317
0.536413665506 0.0391489
0.0018456663232093 0.135452
0.0054713308755095 0.182771
0.583550377362 0.0111387
0.64109785122 0.0249572
0.26944332141 0.0593817
0.33516252825 0.0716071
1.09234815284 0.0164783
1.42165378409 0.00984769
0.34052764699 0.079876
0.104694545163 0.0448925
0.2062199811321 0.017942
2.61891846726 0.00610939
0.434372879784 0.0649212
4.4767225398 0.00335067
0.350109572852 0.0211362
0.861379642641 0.0220576
6.7070457241 0.0305649
0.95799116473 0.0117955
0.340832130441 0.026406
0.778164353310 0.0168345
0.53762373255 0.0329227
0.27455668472 0.101618
1.6371290072 0.0604717
1.31221843801 0.0243862
0.41438335440 0.021719
0.67248060717 0.0960474
0.54215548135 0.0313563
0.66840782878 0.0347093
0.761194081655 0.014451
0.95338418817 0.0146845
2.1914979680 0.0634269
0.1666339242514 0.0780153
1.08184378189 0.0130333
0.73418485978 0.0435858
0.518721435025 0.0250616
1.40906524128 0.0134841
0.95318168518 0.0262279
0.90697686069 0.0264615
0.43519385185 0.0804239
0.467894113075 0.0341958
0.95775094505 0.0198381
0.45147285265 0.0531593
0.42897892562 0.0419601
1.3261485670 0.0117634
0.52415088472 0.171706
0.1014357461981 0.0219844
0.397881893633 0.029657
0.27557759958 0.0195952
0.90513735425 0.11048
0.12640033324309 0.075158
3.9146579157 0.0127725
4.5578200962 0.00346657
1.3664496471 0.0799883
0.84534757461 0.0141953
1.6781063295 0.0254453
1.39348448168 0.00215288
0.258684648071 0.0208748
0.620217115135 0.0270873
0.42025215518 0.0157049
0.139760064515 0.112335
0.63098305833 0.0253573
0.349951177522 0.0277182
0.502923870516 0.0238605
0.7458280320 0.0435757
4.6932329333 0.0170458
1.04431270179 0.023288
0.385194094862 0.0145381
0.37426157516 0.0462244
0.389869101178 0.0284711
0.318817259335 0.0258926
1.2996934495 0.0538589
0.355725186569 0.0222082
0.80169309688 0.0124736
0.63658447822 0.0741457
0.55475646483 0.0216311
2.6630796830 0.0313547
0.61475669408 0.0924919
1.22377745359 0.0289295
1.5246721060 0.016397
0.301458774079 0.0159226
0.374117028251 0.0320755
0.379387161967 0.0147606
0.0710948973807 0.0351643
0.263344725870 0.0349352
0.0037844047882356 0.155903
0.441209731966 0.0294644
1.043361628655 0.0210857
1.28656437956 0.0287588
0.77534458995 0.0215388
0.351879439822 0.0616688
0.240153263208 0.0262332
1.1384027132 0.00781797
0.363676330005 0.0302467
0.574697951954 0.0229686
1.42016034143 0.0105622
0.185397243919 0.0275085
0.336554651762 0.0205019
0.75599276085 0.0429898
0.222949273318 0.0448533
1.3606029280 0.0367484
0.337854845269 0.0485416
0.45286735393 0.0569703
0.325415321974 0.0460949
6.94 0.000720461
0.004625962470879693 0.0345874
1.61612987171 0.00990019
0.134409003575 0.572878
0.163245785775 0.0177646
0.83714819649 0.038225
0.03590861279827 0.0584818
0.30606864497 0.0470483
0.92339055858 0.00216593
0.457526573507 0.0349706
0.69381120574 0.0181606
0.3173062332319 0.0230062
0.34277679653 0.0408429
0.297494121670 0.0504212
0.439995272067 0.0188638
2.1827459895 0.0219906
1.6183389208 0.0444901
2.21580173889 0.0203087
0.50988582045 0.0200045
0.318062050971 0.0798586
0.290305256197 0.0127452
2.8727736506 0.0160124
