#@ Parkes W50s
#@ P0		W50
0.251658714181 0.0125
1.79624970117 0.02
0.320366370454 0.0063
0.311673518473 0.0061
0.121116349354 0.0058
0.541404373627 0.0049
1.7039457055 0.057
5.9774927370 0.027
0.0646861308252 0.0075
0.57507238258 0.011
0.441995130786 0.0051
0.950288537028 0.0069
0.00968 0.00079
4.3921587127 0.062
0.087545204308 0.0049
0.3315855987755 0.0046
0.472834279266 0.0075
0.203556697536 0.0036
0.2556770984252 0.0045
1.66117674023 0.017
7.7336402649 0.039
0.7775009067 0.025
2.1335912144 0.031
0.442900630729 0.0074
0.139881677595 0.046
0.0878341561432 0.0042
0.1073864584588 0.0078
0.162498709997 0.044
1.23830534423 0.019
0.140479910179 0.014
0.67002629761 0.052
1.6437260020 0.036
0.306410837119 0.01
2.40762231135 0.021
0.579576736318 0.0082
0.288601695277 0.007
1.231304776630 0.007
2.2023250770 0.033
0.180591500693 0.011
0.383830423532 0.01
0.346908957903 0.0048
1.8400035414 0.022
0.9475584093 0.023
0.099660833480 0.006
0.44863544246 0.0073
0.67608189374 0.016
0.616270272343 0.016
0.396586748928 0.0055
2.7179341360 0.027
0.252773323418 0.0093
1.7993956675 0.026
0.064961851894 0.011
0.259776659501 0.0054
0.50509714918 0.0089
1.1552719604 0.061
0.40796298356 0.024
0.64023374765 0.01
0.185559973402 0.015
0.47909858452 0.013
0.0026303807397848 0.00021
0.51598351050 0.093
0.162323475501 0.004
0.68098383242 0.016
0.175166247082 0.0049
0.117563794023 0.012
0.3938988148378 0.0044
0.55838338569 0.03
0.98778306934 0.033
0.85066494337 0.01
0.00372 0.00079
3.5599372320 0.053
3.2410285031 0.037
1.7898294664 0.016
0.37656956576 0.0096
0.28201171065 0.0059
0.288409420325 0.0048
0.66748553354 0.21
0.59213602908 0.013
4.2370102164 0.039
0.433083926199 0.015
0.90982270118 0.0094
0.37404678583 0.015
0.78921201205 0.058
1.0811635266 0.028
0.58576120812 0.01
0.626323941978 0.0039
1.3512362992 0.185
0.0882819082341 0.011
0.5647593892 0.057
0.75689193363 0.012
0.256777653406 0.01
2.11097411794 0.03
0.47122487769 0.012
1.5468189400 0.021
2.2830933508 0.062
0.198335136357 0.012
0.43444487308 0.011
0.82333927128 0.02
0.184502203069 0.0035
0.65797363034 0.0086
0.18452809509 0.028
0.66382964770 0.011
0.9678462129 0.093
2.3066415539 0.038
0.42776184224 0.016
0.47823093284 0.019
0.98190211848 0.033
4.9624272525 0.505
3.65120 0.002
0.4646997488 0.0059
0.6194535568 0.026
0.398292162785 0.01
2.43743249609 0.034
2.9483896038 0.059
2.64219851320 0.012
0.26127055606 0.012
0.421118114249 0.013
1.27905759523 0.026
0.50605841373 0.0087
2.7642094208 0.034
0.8441085753 0.072
2.48380369300 0.018
0.280677974168 0.013
1.5652179638 0.031
0.207953012189 0.012
0.55817922185 0.026
0.627285365870 0.0092
0.54010232140 0.029
1.25308459010 0.027
0.609961754304 0.011
0.9277722389 0.079
0.259362860073 0.0062
2.951938334 0.057
2.0386738254 0.029
1.21338122674 0.021
0.276603043150 0.019
0.166108327507 0.015
0.39917017693 0.018
0.61757468514 0.013
0.28834924425 0.049
0.213074653776 0.016
0.49234420664 0.021
0.7016149492 0.057
0.52915639797 0.012
0.315224970657 0.012
0.28562462018 0.037
0.29240770249 0.023
0.29558048193 0.013
1.6725956812 0.064
0.03411713084786 0.0013
0.06817987659 0.0093
0.770374845874 0.022
0.366734060217 0.012
1.02350369913 0.068
0.35326292024 0.0071
0.70786760576 0.0096
0.50173030987 0.011
0.76391483053 0.014
1.9544296353 0.035
0.30636786268 0.0055
0.96334832315 0.019
0.472995435514 0.019
0.009347972210248 0.0011
0.46761632345 0.017
1.17584002290 0.018
2.7602279448 0.047
4.7585755679 0.021
0.463329577191 0.015
0.38662501748 0.011
0.1549913579183 0.0042
0.04524877299803 0.0029
1.4986374368 0.062
0.39073936418 0.0084
0.7829485661 0.025
0.535504397790 0.0072
0.66810515091 0.022
0.84210384000 0.029
0.41298519981 0.011
0.088921760489 0.0047
0.33903844870 0.013
0.2003836959221 0.0059
0.30151055002 0.016
2.0405315742 0.11
0.97345803480 0.021
1.046117156733 0.0033
0.148796488226 0.0048
0.28664619650 0.031
0.214924800284 0.004
0.51875778474 0.042
2.15430706064 0.025
1.25405163056 0.022
1.3896046876 0.01
0.078218548881 0.012
1.11604861927 0.022
0.96104262694 0.013
1.01169421772 0.015
0.28034866206 0.025
0.30188789663 0.013
0.8912645399 0.056
0.8222487311 0.042
0.278956721152 0.014
0.0842016828855 0.0058
0.44382460830 0.026
0.56673415672 0.0094
0.307177662775 0.0058
0.8814384311 0.036
0.55784066031 0.013
1.52812410566 0.023
0.43046412386 0.067
0.27672613726 0.011
0.39573063893 0.086
0.104674920844 0.011
0.84398039688 0.046
0.506568335296 0.0047
1.27284159978 0.018
1.00495831813 0.023
0.61291628569 0.014
0.29583755345 0.014
1.7838649877 0.035
1.20756776526 0.054
0.6442550645 0.015
0.37711856263 0.015
0.58083988615 0.0088
0.00780 0.00067
0.64719774666 0.039
0.242190323768 0.013
0.14565471947 0.012
0.602738077704 0.012
0.170933992695 0.0075
0.49777239400 0.013
0.74965894957 0.011
1.42112434544 0.085
0.453394164640 0.062
0.0062843113814174 0.0009
0.1252295584025 0.001
3.418039313 0.063
0.99468068673 0.029
0.59457526355 0.022
1.12234168628 0.0095
1.2476661740 0.13
2.559356631 0.062
0.288456511543 0.0074
0.81999003685 0.029
0.527465874211 0.011
1.0136087473 0.026
0.34272279247 0.02
0.249608954839 0.0056
1.2794023539 0.1
0.48111885215 0.042
0.78646802352 0.044
1.296850239 0.033
0.66643792285 0.018
0.3545503166464 0.0028
0.48331051132 0.125
0.45750181782 0.014
0.65522059567 0.031
1.5340081422 0.068
0.57259227192 0.014
0.360957675308 0.0065
1.2195938825 0.22
1.0258308926 0.043
0.567080221721 0.0077
0.20355287786 0.011
1.15636028782 0.026
1.08401994353 0.02
0.37192413884 0.017
0.457681471040 0.0098
0.26507223569 0.017
1.0729678942 0.034
0.72573215540 0.011
0.233164076390 0.0081
0.8712426056 0.17
0.44872324857 0.018
0.46033949229 0.013
0.370141128114 0.012
0.29392818864 0.057
0.140745806053 0.0092
0.35246421320 0.014
0.86597096270 0.043
4.1375385239 0.24
0.55907133302 0.01
0.55124125377 0.014
1.0468098769 0.018
1.70915449528 0.018
0.228564097816 0.021
0.81345283358 0.043
0.71083007880 0.048
0.507356002674 0.015
1.5947455499 0.075
0.67196419932 0.04
0.20664850874 0.01
1.2046438889 0.044
0.43036655800 0.017
0.77136654042 0.04
0.252869846841 0.014
0.154027427712 0.017
1.16574138660 0.021
0.8373653018 0.067
0.69826060054 0.057
0.77113024025 0.0617
1.12194419355 0.034
0.1178015507206 0.0056
0.278137287280 0.0077
0.7639335 0.054
0.340502709437 0.013
0.58755897769 0.024
0.178352043293 0.015
0.73909894649 0.013
0.237383081875 0.009
1.34789947290 0.021
0.717508089981 0.015
0.12596223249 0.0403
0.8406799814 0.185
0.530075207410 0.015
0.62963153567 0.042
0.164949668359 0.012
0.262025692969 0.008
0.87071155949 0.026
0.55701875796 0.018
0.29769219971 0.018
0.308917678787 0.0076
0.309398365719 0.02
0.38086979928 0.0073
0.1563993674972 0.0038
0.51744320409 0.052
1.01937155664 0.125
0.61255824122 0.014
0.41927974137 0.105
3.0595096022 0.075
0.93916547876 0.018
1.27394512577 0.019
1.1015546927 0.031
1.19343919921 0.0955
0.730133707454 0.02
0.60960714201 0.013
1.1664490044 0.097
0.416873770089 0.013
0.47438143461 0.011
0.353293033439 0.018
1.49409061528 0.022
0.560503533065 0.014
0.283791853785 0.016
0.57836343922 0.013
0.80430423739 0.1287
0.390327976785 0.014
0.182135802939 0.015
0.227564958458 0.041
0.215507334229 0.008
0.24052386477 0.016
2.1235057036 0.074
6.443 0.009
1.74729348943 0.012
0.8544816637 0.022
0.318941483436 0.0082
0.8610674067 0.044
0.58628740134 0.026
0.6169790441 0.016
0.89059449625 0.012
5.7637770030 0.0121
0.26647363743 0.0063
1.2257819960 0.04
1.29783683782 0.017
0.447857060325 0.017
0.58698616319 0.019
1.735898235 0.05
0.286561228631 0.012
0.46536464559 0.024
0.1026182883472 0.007
1.6001140423 0.017
1.26021405926 0.06
0.7796281140 0.11
0.92810750775 0.062
0.27848105467 0.0085
2.0721529918 0.083
0.57374535892 0.026
0.63031371285 0.014
0.31181276456 0.0489
1.03606727254 0.012
0.68241862653 0.022
1.1494989184 0.287
1.08552061541 0.3
0.39785744656 0.041
0.34992850807 0.038
1.2893787775 0.096
3.3785742533 0.13
0.0746699205656 0.0039
0.59047278772 0.011
0.23547520029 0.0057
0.351124633722 0.0075
0.2185540958272 0.0037
0.001855732795729 0.0002
0.6250339127 0.05
0.2027219378604 0.0078
0.94823697410 0.032
1.42199 0.0059
1.2217076921 0.024
1.3091087873 0.028
1.257787625 0.038
1.0324711993 0.033
2.0623862583 0.032
0.004791822704 0.000865
1.46507137487 0.05
1.11013244403 0.055
0.287431567184 0.0078
0.88277826565 0.02
1.29309994235 0.09
0.0270831832440066 0.0018
0.61553824309 0.0081
0.866342509 0.1
1.5384267263 0.023
3.2702418032 0.054
0.75304798900 0.019
0.33288667881 0.014
2.18400134708 0.04
0.323434055969 0.021
0.65979414168 0.036
0.76818455674 0.012
0.362051962860 0.016
1.24591463402 0.0343
0.561778329077 0.014
1.169340685 0.5
0.35096322944 0.1875
2.64222343904 0.06
1.59241948019 0.021
6.4450360861 0.145
0.50280278290 0.015
0.76867227339 0.015
0.45043236999 0.0164
0.81627308018 0.042
0.34959099098 0.012
0.4433980218 0.0234
0.54949769829 0.034
0.73037251102 0.091
1.81846119286 0.043
0.11436793182 0.0061
0.239317178406 0.0188
0.87756123714 0.0535
0.341772476799 0.0094
1.69265634040 0.03
0.570313411724 0.0089
0.515000656402 0.011
0.346796929142 0.014
0.89295866978 0.0422
0.223557828541 0.0107
1.89374869377 0.0398
1.0163491951 0.066
1.24250830909 0.075
0.193105399932 0.0113
1.06606087128 0.016
0.172444360995 0.0034
1.160592538166 0.014
0.500254454491 0.066
2.7800791979 0.0273
0.87448588170 0.0091
1.33538779057 0.0464
5.639047079 0.36
0.712794036774 0.0096
0.89937672140 0.032
0.39483578357 0.0273
0.54822710380 0.0084
0.1910366935341 0.0071
0.64022949952 0.0115
0.0629548889725 0.011
0.0951378086771 0.003
1.3204904144 0.036
0.361690595821 0.012
0.392703893399 0.0041
0.73374443871 0.012
0.322231178915 0.006
1.1759678772 0.0134
1.00451255339 0.02
0.233540625445 0.015
0.26195467832 0.0238
0.40498030096 0.019
0.0284615890259983 0.00078
0.72451374873 0.018
0.1853101015788 0.0023
0.69255157815 0.021
0.430278250497 0.0166
2.1072633712 0.12
1.20289346322 0.0156
0.76670638621 0.0044
0.79845156695 0.019
0.73150547250 0.034
0.254720352269 0.0196
2.8433888097 0.0379
0.81071772906 0.0615
0.55888867754 0.0224
0.95654854873 0.0156
1.07895331831 0.016
1.7992724923 0.09
0.0036250967171671 0.00042
2.5504982104 0.0419
1.10872484960 0.04
0.4381131572 0.047
0.375296924221 0.0096
1.3856036231 0.048
0.51467137652 0.0088
0.0126475935865227 0.00037
0.56900709018 0.0222
0.536595822673 0.019
2.86433773648 0.0256
0.443648922251 0.012
0.57051063348 0.0273
1.1812692298 0.235
0.40576948790 0.0263
0.357806774953 0.0132
0.661401759025 0.011
0.66830920992 0.034
0.8797908756 0.4
0.481789349 0.0264
2.76419486975 0.004
0.596993202504 0.0078
0.544549207067 0.0218
0.24103454795 0.066
0.895285284345 0.011
1.12448108944 0.055
0.082746885746 0.018
0.43481138633 0.0463
0.217213500357 0.014
0.153716278369 0.0136
0.032822244860022 0.0072
0.1041819547968 0.0234
0.55746361200 0.0167
0.415812941402 0.017
0.43099098078 0.028
1.22335230807 0.0394
0.426466240565 0.0131
0.328514216183 0.021
0.0044300116286341 0.00066
1.37786849563 0.041
0.95746393536 0.028
3.975905188 0.092
0.1984357331818 0.029
1.24992353738 0.0254
0.2176426911444 0.0062
0.594499815819 0.025
0.438095346909 0.02
0.224603837185 0.021
0.54479952470 0.025
0.28137130037 0.045
0.9396900396 0.1304
0.55113377674 0.0272
0.952708902877 0.026
0.852047483505 0.02
0.301489849278 0.0099
0.29416251457 0.0941
1.38813712856 0.064
1.51569599263 0.023
1.7884904528 0.1168
4.2631640329 0.003
0.226538990075 0.0069
0.39352163764 0.0315
0.337320795791 0.009
0.333242850831 0.028
0.414111049843 0.01
1.6560095697 0.099
1.91513066964 0.037
2.50451781786 0.031
0.97470037336 0.028
2.0710402725 0.105
0.8311557274 0.115
1.8465342015 0.023
0.61710720555 0.0346
1.62540547240 0.041
1.63679245172 0.0346
2.49946826743 0.02
0.362492078224 0.0108
0.359394162457 0.0099
0.41222995857 0.018
1.16174310971 0.013
1.50587455169 0.018
0.770620171033 0.002
0.382072812116 0.0134
0.270502039371 0.01
0.512547817784 0.0195
0.269414732063 0.01
0.1531969792414 0.0087
0.246327587410 0.015
0.072051632709 0.0099
0.86033211599 0.0346
0.514523069504 0.028
0.318400873408 0.0071
0.34569803402 0.0093
6.2215526663 0.0622
0.74718766820 0.038
0.77149252038 0.011
0.612132963973 0.014
0.0672668461152 0.008
2.8579410013 0.098
2.1656793503 0.0471
0.507945195243 0.023
0.533917296 0.0071
0.74429541939 0.0273
1.5215451697 0.069
0.48345888008 0.0414
0.63364029817 0.0242
0.48791359170 0.0168
0.31731488279 0.1016
0.51297990872 0.03
0.788353566535 0.018
0.610258781957 0.063
0.358306049291 0.014
1.46565577133 0.046
0.005116387644239 0.0002
0.84186451859 0.015
1.08774918841 0.023
0.8591920352 0.0416
0.145346822521 0.0073
0.37953610601 0.004
0.302449584070 0.0057
0.67048566238 0.017
0.45724503044 0.013
0.1787563517731 0.0024
0.47351252978 0.053
0.201062574029 0.0107
0.09629420774 0.013
1.87601852435 0.0244
0.38083077683 0.0127
0.235303200419 0.007
0.92717774151 0.036
1.21835359632 0.0166
0.93326558076 0.013
0.238777817900 0.0054
0.520939679547 0.007
0.149460655762 0.0064
0.58531903782 0.0117
0.48491367908 0.0232
0.449548149848 0.0191
0.418968843399 0.017
1.91142802251 0.026
0.79747807530 0.01
0.85936846681 0.016
1.8933526999 0.037
0.4378690017 0.1401
0.955672135909 0.01
1.096439972228 0.022
5.3093766847 0.18
0.94096161661 0.011
0.754470427192 0.015
6.5975626227 0.0026
0.663321097981 0.021
1.6576564582 0.059
0.44574893108 0.013
1.3345572305 0.018
1.05422825038 0.0214
3.08825579295 0.052
0.40491964372 0.043
0.233326206679 0.0039
0.56447537999 0.053
0.313016401038 0.013
0.344642757467 0.0077
0.88033048188 0.026
0.78259846861 0.0191
0.66987238665 0.017
2.02752438872 0.024
0.132313618371 0.0167
0.78193369973 0.012
0.75496337007 0.056
0.191614063108 0.0047
0.475392526561 0.009
0.536413665506 0.021
0.0018456663232093 0.00025
0.0054713308755095 0.001
0.583550377362 0.0065
0.64109785122 0.016
0.26944332141 0.016
0.33516252825 0.024
1.09234815284 0.018
1.42165378409 0.014
0.34052764699 0.0272
0.104694545163 0.0047
0.2062199811321 0.0037
2.61891846726 0.016
0.434372879784 0.0282
4.4767225398 0.015
0.350109572852 0.0074
0.861379642641 0.019
6.7070457241 0.205
0.95799116473 0.0113
0.340832130441 0.009
0.778164353310 0.0131
0.53762373255 0.0177
0.27455668472 0.0279
1.6371290072 0.099
1.31221843801 0.032
0.41438335440 0.009
0.67248060717 0.06459
0.54215548135 0.017
0.66840782878 0.0232
0.761194081655 0.011
0.95338418817 0.014
2.1914979680 0.139
0.1666339242514 0.013
1.08184378189 0.0141
0.73418485978 0.032
0.518721435025 0.013
1.40906524128 0.019
0.95318168518 0.025
0.90697686069 0.024
0.43519385185 0.035
0.467894113075 0.016
0.95775094505 0.019
0.45147285265 0.024
0.42897892562 0.018
1.3261485670 0.0156
0.52415088472 0.09
0.1014357461981 0.00223
0.397881893633 0.0118
0.27557759958 0.0054
0.90513735425 0.1
0.12640033324309 0.0095
3.9146579157 0.05
4.5578200962 0.0158
1.3664496471 0.1093
0.84534757461 0.012
1.6781063295 0.0427
1.39348448168 0.003
0.258684648071 0.0054
0.620217115135 0.0168
0.42025215518 0.0066
0.139760064515 0.0157
0.63098305833 0.016
0.349951177522 0.0097
0.502923870516 0.012
0.7458280320 0.0325
4.6932329333 0.08
1.04431270179 0.02432
0.385194094862 0.0056
0.37426157516 0.0173
0.389869101178 0.0111
0.318817259335 0.008255
1.2996934495 0.07
0.355725186569 0.0079
0.80169309688 0.01
0.63658447822 0.0472
0.55475646483 0.012
2.6630796830 0.0835
0.61475669408 0.05686
1.22377745359 0.0354033
1.5246721060 0.025
0.301458774079 0.0048
0.374117028251 0.012
0.379387161967 0.0056
0.0710948973807 0.0025
0.263344725870 0.0092
0.0037844047882356 0.00059
0.441209731966 0.013
1.043361628655 0.022
1.28656437956 0.037
0.77534458995 0.0167
0.351879439822 0.0217
0.240153263208 0.0063
1.1384027132 0.0089
0.363676330005 0.011
0.574697951954 0.0132
1.42016034143 0.015
0.185397243919 0.0051
0.336554651762 0.0069
0.75599276085 0.0325
0.222949273318 0.01
1.3606029280 0.05
0.337854845269 0.0164
0.45286735393 0.0258
0.325415321974 0.015
6.94 0.005
0.004625962470879693 0.00016
1.61612987171 0.016
0.134409003575 0.077
0.163245785775 0.0029
0.83714819649 0.032
0.03590861279827 0.0021
0.30606864497 0.0144
0.92339055858 0.002
0.457526573507 0.016
0.69381120574 0.0126
0.3173062332319 0.0073
0.34277679653 0.014
0.297494121670 0.015
0.439995272067 0.0083
2.1827459895 0.048
1.6183389208 0.072
2.21580173889 0.045
0.50988582045 0.0102
0.318062050971 0.0254
0.290305256197 0.0037
2.8727736506 0.046
